1	chr11	240000	280000	-1	1
2	chr11	1440000	1520000	-1	1
3	chr11	1720000	1800000	-1	1
4	chr11	2080000	2160000	-1	1
5	chr11	2200000	2280000	-1	1
6	chr11	2640000	2760000	-1	1
7	chr11	2960000	3040000	-1	1
8	chr11	3680000	3800000	-1	1
9	chr11	3840000	4080000	-1	1
10	chr11	4560000	5800000	-1	1
11	chr11	6000000	6040000	-1	1
12	chr11	6240000	6360000	-1	1
13	chr11	6400000	6680000	-1	1
14	chr11	6720000	7720000	-1	1
15	chr11	7880000	8120000	-1	1
16	chr11	8160000	8240000	-1	1
17	chr11	8440000	8560000	-1	1
18	chr11	8600000	9480000	-1	1
19	chr11	9520000	10720000	-1	1
20	chr11	10760000	12280000	-1	1
21	chr11	12320000	12920000	-1	1
22	chr11	12960000	13480000	-1	1
23	chr11	13840000	14240000	-1	1
24	chr11	14280000	14480000	-1	1
25	chr11	14640000	14680000	-1	1
26	chr11	14880000	16800000	-1	1
27	chr11	16920000	17000000	-1	1
28	chr11	17120000	17360000	-1	1
29	chr11	17400000	17520000	-1	1
30	chr11	17560000	18080000	-1	1
31	chr11	18280000	18320000	-1	1
32	chr11	18480000	18520000	-1	1
33	chr11	18680000	18760000	-1	1
34	chr11	19040000	20400000	-1	1
35	chr11	20600000	26560000	-1	1
36	chr11	26720000	27480000	-1	1
37	chr11	27520000	29320000	-1	1
38	chr11	29440000	30040000	-1	1
39	chr11	30320000	30840000	-1	1
40	chr11	31120000	32200000	-1	1
41	chr11	32880000	33080000	-1	1
42	chr11	33120000	34040000	-1	1
43	chr11	34080000	35400000	-1	1
44	chr11	35440000	36480000	-1	1
45	chr11	36720000	43120000	-1	1
46	chr11	43360000	43920000	-1	1
47	chr11	44040000	45720000	-1	1
48	chr11	45960000	46320000	-1	1
49	chr11	46360000	46560000	-1	1
50	chr11	46720000	47160000	-1	1
51	chr11	47200000	47400000	-1	1
52	chr11	47440000	47600000	-1	1
53	chr11	47720000	47800000	-1	1
54	chr11	47920000	48160000	-1	1
55	chr11	48680000	48760000	-1	1
56	chr11	50320000	50600000	-1	1
57	chr11	51080000	51200000	-1	1
58	chr11	54600000	54760000	-1	1
59	chr11	56560000	56760000	-1	1
60	chr11	56880000	57040000	-1	1
61	chr11	57200000	58160000	-1	1
62	chr11	58280000	58360000	-1	1
63	chr11	58640000	58800000	-1	1
64	chr11	59160000	59320000	-1	1
65	chr11	59680000	59760000	-1	1
66	chr11	60040000	60080000	-1	1
67	chr11	60320000	60440000	-1	1
68	chr11	60600000	60720000	-1	1
69	chr11	60880000	60960000	-1	1
70	chr11	61120000	61280000	-1	1
71	chr11	61440000	61520000	-1	1
72	chr11	61720000	61840000	-1	1
73	chr11	62040000	62080000	-1	1
74	chr11	62120000	62200000	-1	1
75	chr11	62320000	62440000	-1	1
76	chr11	63040000	63160000	-1	1
77	chr11	63200000	63280000	-1	1
78	chr11	63400000	63440000	-1	1
79	chr11	63560000	63720000	-1	1
80	chr11	63920000	64080000	-1	1
81	chr11	64280000	64320000	-1	1
82	chr11	64480000	64520000	-1	1
83	chr11	64680000	64720000	-1	1
84	chr11	64840000	64880000	-1	1
85	chr11	65000000	65040000	-1	1
86	chr11	65280000	65360000	-1	1
87	chr11	65600000	65800000	-1	1
88	chr11	65840000	65960000	-1	1
89	chr11	66160000	66240000	-1	1
90	chr11	66440000	66800000	-1	1
91	chr11	67080000	67120000	-1	1
92	chr11	67600000	67760000	-1	1
93	chr11	67800000	67840000	-1	1
94	chr11	68000000	68440000	-1	1
95	chr11	68560000	68600000	-1	1
96	chr11	68640000	69200000	-1	1
97	chr11	69320000	69400000	-1	1
98	chr11	69520000	69720000	-1	1
99	chr11	69840000	69920000	-1	1
100	chr11	70040000	70280000	-1	1
101	chr11	70520000	70840000	-1	1
102	chr11	71360000	71960000	-1	1
103	chr11	72240000	72760000	-1	1
104	chr11	72840000	73000000	-1	1
105	chr11	73120000	73320000	-1	1
106	chr11	73360000	74320000	-1	1
107	chr11	74360000	74680000	-1	1
108	chr11	74720000	74960000	-1	1
109	chr11	75000000	76080000	-1	1
110	chr11	76200000	76440000	-1	1
111	chr11	76560000	77080000	-1	1
112	chr11	77120000	77160000	-1	1
113	chr11	77400000	77440000	-1	1
114	chr11	77480000	77920000	-1	1
115	chr11	78040000	134480000	-1	1
116	chr11	1440000	1480000	2	2
117	chr11	1720000	1760000	3	2
118	chr11	2200000	2240000	5	2
119	chr11	2960000	3000000	7	2
120	chr11	3680000	3760000	8	2
121	chr11	3840000	4040000	9	2
122	chr11	4560000	5120000	10	2
123	chr11	5280000	5360000	10	2
124	chr11	5600000	5680000	10	2
125	chr11	6240000	6320000	12	2
126	chr11	6400000	6640000	13	2
127	chr11	6720000	7680000	14	2
128	chr11	7920000	7960000	15	2
129	chr11	8000000	8080000	15	2
130	chr11	8160000	8200000	16	2
131	chr11	8440000	8520000	17	2
132	chr11	8600000	8960000	18	2
133	chr11	9000000	9120000	18	2
134	chr11	9160000	9440000	18	2
135	chr11	9520000	10360000	19	2
136	chr11	10400000	10680000	19	2
137	chr11	10760000	11760000	20	2
138	chr11	11800000	12000000	20	2
139	chr11	12040000	12240000	20	2
140	chr11	12320000	12880000	21	2
141	chr11	12960000	13440000	22	2
142	chr11	13840000	14200000	23	2
143	chr11	14280000	14440000	24	2
144	chr11	14880000	15240000	26	2
145	chr11	15280000	16760000	26	2
146	chr11	16920000	16960000	27	2
147	chr11	17120000	17200000	28	2
148	chr11	17240000	17320000	28	2
149	chr11	17400000	17480000	29	2
150	chr11	17560000	18040000	30	2
151	chr11	18680000	18720000	33	2
152	chr11	19040000	19080000	34	2
153	chr11	19120000	19200000	34	2
154	chr11	19240000	19920000	34	2
155	chr11	19960000	20120000	34	2
156	chr11	20160000	20360000	34	2
157	chr11	20600000	20640000	35	2
158	chr11	20920000	21160000	35	2
159	chr11	21560000	21600000	35	2
160	chr11	21720000	21760000	35	2
161	chr11	21920000	21960000	35	2
162	chr11	22400000	22440000	35	2
163	chr11	22640000	22680000	35	2
164	chr11	22800000	26400000	35	2
165	chr11	26720000	27160000	36	2
166	chr11	27200000	27440000	36	2
167	chr11	27520000	27600000	37	2
168	chr11	27640000	29280000	37	2
169	chr11	29440000	29640000	38	2
170	chr11	29840000	30000000	38	2
171	chr11	30320000	30640000	39	2
172	chr11	30760000	30800000	39	2
173	chr11	31120000	31160000	40	2
174	chr11	31280000	32160000	40	2
175	chr11	32880000	33040000	41	2
176	chr11	33120000	33800000	42	2
177	chr11	33840000	34000000	42	2
178	chr11	34080000	34480000	43	2
179	chr11	34520000	34880000	43	2
180	chr11	34920000	35360000	43	2
181	chr11	35440000	36280000	44	2
182	chr11	36320000	36440000	44	2
183	chr11	36720000	36800000	45	2
184	chr11	36840000	43080000	45	2
185	chr11	43360000	43480000	46	2
186	chr11	43520000	43880000	46	2
187	chr11	44040000	44520000	47	2
188	chr11	44720000	44880000	47	2
189	chr11	44920000	45320000	47	2
190	chr11	45360000	45680000	47	2
191	chr11	45960000	46280000	48	2
192	chr11	46360000	46520000	49	2
193	chr11	46720000	46840000	50	2
194	chr11	46880000	47120000	50	2
195	chr11	47240000	47360000	51	2
196	chr11	47440000	47560000	52	2
197	chr11	47720000	47760000	53	2
198	chr11	47920000	48120000	54	2
199	chr11	48680000	48720000	55	2
200	chr11	50320000	50560000	56	2
201	chr11	51080000	51160000	57	2
202	chr11	54600000	54720000	58	2
203	chr11	56680000	56720000	59	2
204	chr11	56880000	57000000	60	2
205	chr11	57200000	57240000	61	2
206	chr11	57360000	58120000	61	2
207	chr11	58640000	58680000	63	2
208	chr11	58720000	58760000	63	2
209	chr11	59160000	59200000	64	2
210	chr11	59680000	59720000	65	2
211	chr11	60320000	60400000	67	2
212	chr11	60600000	60680000	68	2
213	chr11	60880000	60920000	69	2
214	chr11	61120000	61160000	70	2
215	chr11	61200000	61240000	70	2
216	chr11	61720000	61800000	72	2
217	chr11	62320000	62400000	75	2
218	chr11	63040000	63120000	76	2
219	chr11	63200000	63240000	77	2
220	chr11	63560000	63680000	79	2
221	chr11	63920000	64040000	80	2
222	chr11	65280000	65320000	86	2
223	chr11	65600000	65760000	87	2
224	chr11	65840000	65920000	88	2
225	chr11	66160000	66200000	89	2
226	chr11	66440000	66600000	90	2
227	chr11	66640000	66760000	90	2
228	chr11	67600000	67720000	92	2
229	chr11	68000000	68120000	94	2
230	chr11	68160000	68320000	94	2
231	chr11	68640000	69160000	96	2
232	chr11	69520000	69680000	98	2
233	chr11	69840000	69880000	99	2
234	chr11	70040000	70080000	100	2
235	chr11	70200000	70240000	100	2
236	chr11	70520000	70800000	101	2
237	chr11	71360000	71520000	102	2
238	chr11	71680000	71840000	102	2
239	chr11	71880000	71920000	102	2
240	chr11	72240000	72720000	103	2
241	chr11	72840000	72960000	104	2
242	chr11	73120000	73280000	105	2
243	chr11	73360000	73600000	106	2
244	chr11	73640000	73960000	106	2
245	chr11	74000000	74280000	106	2
246	chr11	74400000	74640000	107	2
247	chr11	74760000	74800000	108	2
248	chr11	74840000	74920000	108	2
249	chr11	75000000	75200000	109	2
250	chr11	75240000	75560000	109	2
251	chr11	75760000	76040000	109	2
252	chr11	76200000	76400000	110	2
253	chr11	76560000	77040000	111	2
254	chr11	77480000	77880000	114	2
255	chr11	78040000	78920000	115	2
256	chr11	79040000	79800000	115	2
257	chr11	80240000	80360000	115	2
258	chr11	82080000	82120000	115	2
259	chr11	82240000	82280000	115	2
260	chr11	82320000	82600000	115	2
261	chr11	82880000	83200000	115	2
262	chr11	83240000	83960000	115	2
263	chr11	84160000	84800000	115	2
264	chr11	85040000	85720000	115	2
265	chr11	85760000	86200000	115	2
266	chr11	86360000	86720000	115	2
267	chr11	86760000	88200000	115	2
268	chr11	88560000	88600000	115	2
269	chr11	88880000	88920000	115	2
270	chr11	89600000	93040000	115	2
271	chr11	93080000	93200000	115	2
272	chr11	93320000	93440000	115	2
273	chr11	93560000	93600000	115	2
274	chr11	93920000	94360000	115	2
275	chr11	94400000	95160000	115	2
276	chr11	95200000	95800000	115	2
277	chr11	95840000	100720000	115	2
278	chr11	100800000	101400000	115	2
279	chr11	101520000	101680000	115	2
280	chr11	101720000	102080000	115	2
281	chr11	102120000	102480000	115	2
282	chr11	102520000	105440000	115	2
283	chr11	105480000	106440000	115	2
284	chr11	106560000	106600000	115	2
285	chr11	106840000	106920000	115	2
286	chr11	106960000	107280000	115	2
287	chr11	107440000	108040000	115	2
288	chr11	108080000	109320000	115	2
289	chr11	109360000	109560000	115	2
290	chr11	109680000	109720000	115	2
291	chr11	109840000	110840000	115	2
292	chr11	110880000	111240000	115	2
293	chr11	111280000	111440000	115	2
294	chr11	111480000	111640000	115	2
295	chr11	111680000	112680000	115	2
296	chr11	112960000	113000000	115	2
297	chr11	113120000	113160000	115	2
298	chr11	113360000	113640000	115	2
299	chr11	113680000	113920000	115	2
300	chr11	114080000	116040000	115	2
301	chr11	116160000	116480000	115	2
302	chr11	116640000	116720000	115	2
303	chr11	116840000	116880000	115	2
304	chr11	117040000	117080000	115	2
305	chr11	117200000	117520000	115	2
306	chr11	117760000	117920000	115	2
307	chr11	117960000	118000000	115	2
308	chr11	118120000	118360000	115	2
309	chr11	118520000	118760000	115	2
310	chr11	118880000	119000000	115	2
311	chr11	119160000	119480000	115	2
312	chr11	119600000	119680000	115	2
313	chr11	119720000	119880000	115	2
314	chr11	119920000	120320000	115	2
315	chr11	120400000	120440000	115	2
316	chr11	120600000	121000000	115	2
317	chr11	121040000	121600000	115	2
318	chr11	121640000	121920000	115	2
319	chr11	122040000	122240000	115	2
320	chr11	122280000	122360000	115	2
321	chr11	122520000	122640000	115	2
322	chr11	122680000	122880000	115	2
323	chr11	123000000	123120000	115	2
324	chr11	123160000	124000000	115	2
325	chr11	124040000	124240000	115	2
326	chr11	124280000	124840000	115	2
327	chr11	124880000	124960000	115	2
328	chr11	125000000	125040000	115	2
329	chr11	125080000	125120000	115	2
330	chr11	125280000	125640000	115	2
331	chr11	125840000	126400000	115	2
332	chr11	126440000	127400000	115	2
333	chr11	127440000	127520000	115	2
334	chr11	127560000	128280000	115	2
335	chr11	128400000	128720000	115	2
336	chr11	128760000	129160000	115	2
337	chr11	129200000	129240000	115	2
338	chr11	129280000	129560000	115	2
339	chr11	129600000	129760000	115	2
340	chr11	129800000	130280000	115	2
341	chr11	130400000	131040000	115	2
342	chr11	131080000	132480000	115	2
343	chr11	132600000	133000000	115	2
344	chr11	133440000	133600000	115	2
345	chr11	133640000	133720000	115	2
346	chr11	134000000	134040000	115	2
347	chr11	134160000	134200000	115	2
