1	chr17	80000	160000	-1	1
2	chr17	400000	560000	-1	1
3	chr17	600000	840000	-1	1
4	chr17	880000	1000000	-1	1
5	chr17	1600000	1800000	-1	1
6	chr17	1920000	2200000	-1	1
7	chr17	2240000	2280000	-1	1
8	chr17	2480000	2520000	-1	1
9	chr17	3680000	3720000	-1	1
10	chr17	3840000	4200000	-1	1
11	chr17	4400000	4440000	-1	1
12	chr17	4920000	4960000	-1	1
13	chr17	5160000	5320000	-1	1
14	chr17	5480000	6240000	-1	1
15	chr17	6400000	6480000	-1	1
16	chr17	6720000	6760000	-1	1
17	chr17	6920000	7040000	-1	1
18	chr17	7280000	7320000	-1	1
19	chr17	7360000	7400000	-1	1
20	chr17	7640000	7960000	-1	1
21	chr17	8000000	8040000	-1	1
22	chr17	8200000	8640000	-1	1
23	chr17	8760000	8800000	-1	1
24	chr17	9440000	15360000	-1	1
25	chr17	15760000	15840000	-1	1
26	chr17	15880000	16200000	-1	1
27	chr17	16320000	16400000	-1	1
28	chr17	16440000	16480000	-1	1
29	chr17	16760000	16800000	-1	1
30	chr17	16920000	17120000	-1	1
31	chr17	17240000	17480000	-1	1
32	chr17	17680000	17920000	-1	1
33	chr17	18040000	18120000	-1	1
34	chr17	18720000	18840000	-1	1
35	chr17	19120000	19200000	-1	1
36	chr17	19400000	19680000	-1	1
37	chr17	19920000	20120000	-1	1
38	chr17	20800000	20920000	-1	1
39	chr17	21200000	21400000	-1	1
40	chr17	22600000	22960000	-1	1
41	chr17	23160000	23680000	-1	1
42	chr17	23880000	23920000	-1	1
43	chr17	23960000	24040000	-1	1
44	chr17	24080000	24480000	-1	1
45	chr17	24520000	24640000	-1	1
46	chr17	24840000	24920000	-1	1
47	chr17	24960000	25920000	-1	1
48	chr17	26280000	26760000	-1	1
49	chr17	26920000	27240000	-1	1
50	chr17	27520000	27560000	-1	1
51	chr17	27720000	27760000	-1	1
52	chr17	27920000	31480000	-1	1
53	chr17	32080000	32760000	-1	1
54	chr17	32880000	33280000	-1	1
55	chr17	33760000	33800000	-1	1
56	chr17	34120000	34160000	-1	1
57	chr17	34320000	34480000	-1	1
58	chr17	34680000	34880000	-1	1
59	chr17	35120000	35320000	-1	1
60	chr17	35400000	35720000	-1	1
61	chr17	35840000	37120000	-1	1
62	chr17	37400000	37960000	-1	1
63	chr17	38000000	38240000	-1	1
64	chr17	38840000	39280000	-1	1
65	chr17	39480000	39560000	-1	1
66	chr17	39840000	40160000	-1	1
67	chr17	40400000	40440000	-1	1
68	chr17	40720000	40840000	-1	1
69	chr17	41120000	41320000	-1	1
70	chr17	41440000	41640000	-1	1
71	chr17	42160000	42240000	-1	1
72	chr17	42400000	42440000	-1	1
73	chr17	42560000	42880000	-1	1
74	chr17	43080000	43160000	-1	1
75	chr17	43320000	44360000	-1	1
76	chr17	44480000	44720000	-1	1
77	chr17	44760000	45520000	-1	1
78	chr17	45560000	45800000	-1	1
79	chr17	46080000	46560000	-1	1
80	chr17	46720000	54440000	-1	1
81	chr17	54560000	54600000	-1	1
82	chr17	54800000	55000000	-1	1
83	chr17	55120000	55320000	-1	1
84	chr17	55520000	56120000	-1	1
85	chr17	56160000	57600000	-1	1
86	chr17	58040000	59120000	-1	1
87	chr17	59160000	59280000	-1	1
88	chr17	59480000	59960000	-1	1
89	chr17	60000000	60200000	-1	1
90	chr17	60400000	62680000	-1	1
91	chr17	62920000	63040000	-1	1
92	chr17	63320000	63440000	-1	1
93	chr17	63640000	63680000	-1	1
94	chr17	63800000	63960000	-1	1
95	chr17	64000000	68760000	-1	1
96	chr17	69160000	69640000	-1	1
97	chr17	69960000	70000000	-1	1
98	chr17	70120000	70200000	-1	1
99	chr17	70320000	70400000	-1	1
100	chr17	70520000	70560000	-1	1
101	chr17	70840000	71000000	-1	1
102	chr17	71160000	71280000	-1	1
103	chr17	71560000	72040000	-1	1
104	chr17	72080000	72280000	-1	1
105	chr17	72640000	72720000	-1	1
106	chr17	72840000	72880000	-1	1
107	chr17	73040000	73720000	-1	1
108	chr17	73800000	73840000	-1	1
109	chr17	73960000	74360000	-1	1
110	chr17	74480000	74520000	-1	1
111	chr17	74560000	74960000	-1	1
112	chr17	75360000	75400000	-1	1
113	chr17	75560000	75600000	-1	1
114	chr17	75760000	76000000	-1	1
115	chr17	76040000	76520000	-1	1
116	chr17	76640000	76720000	-1	1
117	chr17	76760000	76800000	-1	1
118	chr17	76960000	77000000	-1	1
119	chr17	77160000	77200000	-1	1
120	chr17	77920000	78200000	-1	1
121	chr17	78360000	78480000	-1	1
122	chr17	78520000	78560000	-1	1
123	chr17	80000	120000	1	2
124	chr17	400000	520000	2	2
125	chr17	600000	680000	3	2
126	chr17	880000	960000	4	2
127	chr17	1600000	1760000	5	2
128	chr17	1920000	2160000	6	2
129	chr17	3840000	4000000	10	2
130	chr17	4040000	4160000	10	2
131	chr17	5160000	5280000	13	2
132	chr17	5480000	6200000	14	2
133	chr17	6920000	7000000	17	2
134	chr17	7640000	7920000	20	2
135	chr17	8200000	8240000	22	2
136	chr17	8280000	8600000	22	2
137	chr17	9480000	11840000	24	2
138	chr17	11880000	12880000	24	2
139	chr17	12920000	15080000	24	2
140	chr17	15120000	15320000	24	2
141	chr17	15880000	16080000	26	2
142	chr17	16320000	16360000	27	2
143	chr17	16920000	17080000	30	2
144	chr17	17240000	17320000	31	2
145	chr17	17680000	17880000	32	2
146	chr17	18040000	18080000	33	2
147	chr17	18720000	18800000	34	2
148	chr17	19120000	19160000	35	2
149	chr17	19400000	19640000	36	2
150	chr17	19920000	20080000	37	2
151	chr17	20800000	20880000	38	2
152	chr17	21200000	21280000	39	2
153	chr17	22600000	22720000	40	2
154	chr17	22840000	22920000	40	2
155	chr17	23160000	23560000	41	2
156	chr17	23960000	24000000	43	2
157	chr17	24080000	24320000	44	2
158	chr17	24360000	24440000	44	2
159	chr17	24840000	24880000	46	2
160	chr17	24960000	25880000	47	2
161	chr17	26280000	26720000	48	2
162	chr17	26920000	27200000	49	2
163	chr17	27920000	30920000	52	2
164	chr17	30960000	31200000	52	2
165	chr17	31240000	31280000	52	2
166	chr17	31320000	31440000	52	2
167	chr17	32080000	32720000	53	2
168	chr17	32880000	33240000	54	2
169	chr17	34320000	34440000	57	2
170	chr17	34680000	34840000	58	2
171	chr17	35120000	35280000	59	2
172	chr17	35400000	35680000	60	2
173	chr17	35840000	37080000	61	2
174	chr17	37400000	37600000	62	2
175	chr17	37640000	37920000	62	2
176	chr17	38040000	38200000	63	2
177	chr17	38840000	38920000	64	2
178	chr17	38960000	39240000	64	2
179	chr17	39480000	39520000	65	2
180	chr17	39840000	40120000	66	2
181	chr17	40720000	40800000	68	2
182	chr17	41120000	41200000	69	2
183	chr17	41480000	41600000	70	2
184	chr17	42160000	42200000	71	2
185	chr17	42560000	42840000	73	2
186	chr17	43080000	43120000	74	2
187	chr17	43320000	43440000	75	2
188	chr17	43480000	44320000	75	2
189	chr17	44480000	44680000	76	2
190	chr17	44760000	45480000	77	2
191	chr17	45560000	45760000	78	2
192	chr17	46080000	46160000	79	2
193	chr17	46200000	46520000	79	2
194	chr17	46720000	52520000	80	2
195	chr17	52560000	53280000	80	2
196	chr17	53320000	53440000	80	2
197	chr17	53480000	53520000	80	2
198	chr17	53640000	53960000	80	2
199	chr17	54000000	54080000	80	2
200	chr17	54800000	54960000	82	2
201	chr17	55120000	55160000	83	2
202	chr17	55200000	55280000	83	2
203	chr17	55640000	56080000	84	2
204	chr17	56160000	57360000	85	2
205	chr17	57400000	57480000	85	2
206	chr17	58040000	58880000	86	2
207	chr17	59000000	59080000	86	2
208	chr17	59160000	59240000	87	2
209	chr17	59480000	59760000	88	2
210	chr17	60000000	60080000	89	2
211	chr17	60400000	60640000	90	2
212	chr17	60680000	61640000	90	2
213	chr17	61760000	62120000	90	2
214	chr17	62160000	62640000	90	2
215	chr17	62920000	63000000	91	2
216	chr17	63320000	63400000	92	2
217	chr17	63800000	63920000	94	2
218	chr17	64000000	68080000	95	2
219	chr17	68120000	68720000	95	2
220	chr17	69160000	69200000	96	2
221	chr17	69360000	69400000	96	2
222	chr17	69560000	69600000	96	2
223	chr17	70120000	70160000	98	2
224	chr17	70840000	70960000	101	2
225	chr17	71160000	71240000	102	2
226	chr17	71560000	72000000	103	2
227	chr17	72080000	72240000	104	2
228	chr17	72640000	72680000	105	2
229	chr17	73040000	73600000	107	2
230	chr17	73960000	74320000	109	2
231	chr17	74560000	74920000	111	2
232	chr17	75760000	75960000	114	2
233	chr17	76040000	76480000	115	2
234	chr17	76640000	76680000	116	2
235	chr17	77920000	78160000	120	2
236	chr17	78360000	78440000	121	2
237	chr17	400000	480000	124	3
238	chr17	600000	640000	125	3
239	chr17	880000	920000	126	3
240	chr17	1600000	1640000	127	3
241	chr17	1920000	2120000	128	3
242	chr17	3840000	3960000	129	3
243	chr17	4040000	4120000	130	3
244	chr17	5160000	5240000	131	3
245	chr17	5480000	6160000	132	3
246	chr17	6920000	6960000	133	3
247	chr17	7640000	7880000	134	3
248	chr17	8320000	8560000	136	3
249	chr17	9480000	9520000	137	3
250	chr17	9720000	9760000	137	3
251	chr17	9880000	9920000	137	3
252	chr17	10120000	10200000	137	3
253	chr17	10240000	10280000	137	3
254	chr17	10520000	10600000	137	3
255	chr17	10880000	11800000	137	3
256	chr17	11880000	12840000	138	3
257	chr17	12920000	15040000	139	3
258	chr17	15160000	15280000	140	3
259	chr17	15880000	16040000	141	3
260	chr17	16920000	17040000	143	3
261	chr17	17240000	17280000	144	3
262	chr17	17720000	17840000	145	3
263	chr17	18720000	18760000	147	3
264	chr17	19440000	19600000	149	3
265	chr17	19920000	19960000	150	3
266	chr17	20000000	20040000	150	3
267	chr17	20800000	20840000	151	3
268	chr17	21200000	21240000	152	3
269	chr17	22600000	22680000	153	3
270	chr17	22840000	22880000	154	3
271	chr17	23160000	23520000	155	3
272	chr17	24080000	24280000	157	3
273	chr17	24360000	24400000	158	3
274	chr17	25000000	25440000	160	3
275	chr17	25480000	25840000	160	3
276	chr17	26320000	26680000	161	3
277	chr17	26920000	27160000	162	3
278	chr17	27920000	27960000	163	3
279	chr17	28160000	29200000	163	3
280	chr17	29320000	29360000	163	3
281	chr17	29480000	29760000	163	3
282	chr17	29800000	29920000	163	3
283	chr17	30200000	30240000	163	3
284	chr17	30360000	30480000	163	3
285	chr17	30520000	30680000	163	3
286	chr17	30960000	31160000	164	3
287	chr17	31320000	31400000	166	3
288	chr17	32120000	32680000	167	3
289	chr17	32880000	33040000	168	3
290	chr17	33080000	33200000	168	3
291	chr17	34320000	34400000	169	3
292	chr17	34680000	34800000	170	3
293	chr17	35120000	35240000	171	3
294	chr17	35400000	35640000	172	3
295	chr17	35840000	36000000	173	3
296	chr17	36040000	37040000	173	3
297	chr17	37400000	37560000	174	3
298	chr17	37640000	37720000	175	3
299	chr17	37760000	37800000	175	3
300	chr17	38040000	38080000	176	3
301	chr17	38840000	38880000	177	3
302	chr17	38960000	39200000	178	3
303	chr17	39840000	40080000	180	3
304	chr17	40720000	40760000	181	3
305	chr17	41120000	41160000	182	3
306	chr17	41480000	41560000	183	3
307	chr17	42560000	42800000	185	3
308	chr17	43320000	43400000	187	3
309	chr17	43480000	44280000	188	3
310	chr17	44480000	44640000	189	3
311	chr17	44760000	44840000	190	3
312	chr17	44880000	45440000	190	3
313	chr17	45560000	45720000	191	3
314	chr17	46080000	46120000	192	3
315	chr17	46240000	46480000	193	3
316	chr17	46880000	50400000	194	3
317	chr17	50440000	50760000	194	3
318	chr17	50800000	52480000	194	3
319	chr17	52560000	53240000	195	3
320	chr17	53360000	53400000	196	3
321	chr17	53640000	53920000	198	3
322	chr17	54000000	54040000	199	3
323	chr17	54800000	54920000	200	3
324	chr17	55680000	55960000	203	3
325	chr17	56160000	56840000	204	3
326	chr17	56880000	57320000	204	3
327	chr17	57400000	57440000	205	3
328	chr17	58040000	58120000	206	3
329	chr17	58160000	58840000	206	3
330	chr17	59000000	59040000	207	3
331	chr17	59160000	59200000	208	3
332	chr17	59480000	59720000	209	3
333	chr17	60000000	60040000	210	3
334	chr17	60400000	60600000	211	3
335	chr17	60680000	61600000	212	3
336	chr17	61760000	62080000	213	3
337	chr17	62160000	62600000	214	3
338	chr17	62920000	62960000	215	3
339	chr17	63320000	63360000	216	3
340	chr17	63800000	63880000	217	3
341	chr17	64000000	64800000	218	3
342	chr17	64840000	66120000	218	3
343	chr17	66160000	68040000	218	3
344	chr17	68160000	68200000	219	3
345	chr17	68240000	68680000	219	3
346	chr17	70880000	70920000	224	3
347	chr17	71160000	71200000	225	3
348	chr17	71600000	71800000	226	3
349	chr17	71840000	71960000	226	3
350	chr17	72080000	72200000	227	3
351	chr17	73040000	73560000	229	3
352	chr17	74000000	74280000	230	3
353	chr17	74560000	74600000	231	3
354	chr17	74640000	74880000	231	3
355	chr17	75760000	75920000	232	3
356	chr17	76200000	76440000	233	3
357	chr17	77920000	78120000	235	3
358	chr17	78360000	78400000	236	3
