1	chr5	120000	200000	-1	1
2	chr5	680000	720000	-1	1
3	chr5	1000000	1040000	-1	1
4	chr5	1560000	1640000	-1	1
5	chr5	2040000	31560000	-1	1
6	chr5	31680000	32120000	-1	1
7	chr5	32280000	33480000	-1	1
8	chr5	33520000	34080000	-1	1
9	chr5	34520000	34960000	-1	1
10	chr5	35000000	36800000	-1	1
11	chr5	36920000	37240000	-1	1
12	chr5	37440000	38400000	-1	1
13	chr5	38440000	38960000	-1	1
14	chr5	39000000	42080000	-1	1
15	chr5	42320000	42360000	-1	1
16	chr5	42520000	42680000	-1	1
17	chr5	42920000	42960000	-1	1
18	chr5	43120000	43160000	-1	1
19	chr5	43560000	43680000	-1	1
20	chr5	43840000	43920000	-1	1
21	chr5	45000000	45040000	-1	1
22	chr5	45920000	46400000	-1	1
23	chr5	50040000	50080000	-1	1
24	chr5	50320000	50520000	-1	1
25	chr5	51160000	51240000	-1	1
26	chr5	51800000	51840000	-1	1
27	chr5	51880000	51960000	-1	1
28	chr5	52000000	52440000	-1	1
29	chr5	52480000	54520000	-1	1
30	chr5	54720000	56280000	-1	1
31	chr5	56600000	57840000	-1	1
32	chr5	58000000	61560000	-1	1
33	chr5	61800000	62120000	-1	1
34	chr5	62560000	62600000	-1	1
35	chr5	63240000	63280000	-1	1
36	chr5	64000000	64920000	-1	1
37	chr5	64960000	65520000	-1	1
38	chr5	65640000	68360000	-1	1
39	chr5	68560000	68640000	-1	1
40	chr5	71000000	72240000	-1	1
41	chr5	72360000	72880000	-1	1
42	chr5	72920000	74000000	-1	1
43	chr5	74120000	74400000	-1	1
44	chr5	74720000	75080000	-1	1
45	chr5	75200000	75240000	-1	1
46	chr5	75640000	75920000	-1	1
47	chr5	75960000	76160000	-1	1
48	chr5	76280000	77640000	-1	1
49	chr5	77680000	78360000	-1	1
50	chr5	78600000	78880000	-1	1
51	chr5	79000000	79600000	-1	1
52	chr5	79880000	79920000	-1	1
53	chr5	80040000	80640000	-1	1
54	chr5	80680000	81600000	-1	1
55	chr5	81640000	83000000	-1	1
56	chr5	83120000	83960000	-1	1
57	chr5	84440000	84480000	-1	1
58	chr5	85520000	85560000	-1	1
59	chr5	85960000	86040000	-1	1
60	chr5	86160000	86320000	-1	1
61	chr5	86360000	86760000	-1	1
62	chr5	86880000	89960000	-1	1
63	chr5	90200000	90800000	-1	1
64	chr5	90840000	94680000	-1	1
65	chr5	94920000	96120000	-1	1
66	chr5	96160000	98240000	-1	1
67	chr5	98360000	98400000	-1	1
68	chr5	100040000	100320000	-1	1
69	chr5	101320000	101360000	-1	1
70	chr5	101920000	102880000	-1	1
71	chr5	102920000	107760000	-1	1
72	chr5	107800000	110080000	-1	1
73	chr5	110120000	111560000	-1	1
74	chr5	111600000	111800000	-1	1
75	chr5	112040000	112240000	-1	1
76	chr5	112360000	112960000	-1	1
77	chr5	113000000	114640000	-1	1
78	chr5	114680000	115000000	-1	1
79	chr5	115040000	115160000	-1	1
80	chr5	115280000	115440000	-1	1
81	chr5	115480000	118320000	-1	1
82	chr5	118360000	118800000	-1	1
83	chr5	118840000	121320000	-1	1
84	chr5	121360000	121840000	-1	1
85	chr5	121880000	122760000	-1	1
86	chr5	122800000	125960000	-1	1
87	chr5	126200000	126880000	-1	1
88	chr5	126920000	128280000	-1	1
89	chr5	128720000	128760000	-1	1
90	chr5	129400000	129440000	-1	1
91	chr5	130120000	130160000	-1	1
92	chr5	130560000	130640000	-1	1
93	chr5	130840000	131160000	-1	1
94	chr5	131320000	131400000	-1	1
95	chr5	131600000	132320000	-1	1
96	chr5	132480000	133320000	-1	1
97	chr5	133520000	134000000	-1	1
98	chr5	134160000	134280000	-1	1
99	chr5	134320000	134800000	-1	1
100	chr5	134840000	135120000	-1	1
101	chr5	135240000	135560000	-1	1
102	chr5	135600000	136880000	-1	1
103	chr5	137000000	137400000	-1	1
104	chr5	137560000	137600000	-1	1
105	chr5	137720000	137800000	-1	1
106	chr5	137960000	138720000	-1	1
107	chr5	138760000	139000000	-1	1
108	chr5	139040000	139120000	-1	1
109	chr5	139160000	139600000	-1	1
110	chr5	139640000	139720000	-1	1
111	chr5	139880000	140080000	-1	1
112	chr5	140360000	140400000	-1	1
113	chr5	140640000	140680000	-1	1
114	chr5	140720000	141000000	-1	1
115	chr5	141040000	141320000	-1	1
116	chr5	141360000	142080000	-1	1
117	chr5	142120000	143560000	-1	1
118	chr5	143600000	145520000	-1	1
119	chr5	145680000	145840000	-1	1
120	chr5	145880000	147240000	-1	1
121	chr5	147360000	148080000	-1	1
122	chr5	148120000	148640000	-1	1
123	chr5	148680000	148960000	-1	1
124	chr5	149000000	149800000	-1	1
125	chr5	149840000	150160000	-1	1
126	chr5	150200000	150560000	-1	1
127	chr5	150840000	151160000	-1	1
128	chr5	151240000	151320000	-1	1
129	chr5	151520000	153880000	-1	1
130	chr5	154280000	154320000	-1	1
131	chr5	154440000	156320000	-1	1
132	chr5	156680000	157080000	-1	1
133	chr5	157200000	159800000	-1	1
134	chr5	159920000	167600000	-1	1
135	chr5	167720000	167920000	-1	1
136	chr5	168040000	169600000	-1	1
137	chr5	169840000	169960000	-1	1
138	chr5	170080000	170680000	-1	1
139	chr5	170800000	171800000	-1	1
140	chr5	171840000	172080000	-1	1
141	chr5	172120000	172320000	-1	1
142	chr5	172360000	173360000	-1	1
143	chr5	173480000	174920000	-1	1
144	chr5	175040000	175080000	-1	1
145	chr5	175120000	175240000	-1	1
146	chr5	175520000	175560000	-1	1
147	chr5	175960000	176000000	-1	1
148	chr5	176280000	176400000	-1	1
149	chr5	176640000	176840000	-1	1
150	chr5	177840000	177880000	-1	1
151	chr5	178480000	178520000	-1	1
152	chr5	178960000	179000000	-1	1
153	chr5	179280000	179440000	-1	1
154	chr5	179600000	179640000	-1	1
155	chr5	180160000	180240000	-1	1
156	chr5	1560000	1600000	4	2
157	chr5	2160000	2200000	5	2
158	chr5	2480000	2520000	5	2
159	chr5	3280000	3360000	5	2
160	chr5	5120000	5160000	5	2
161	chr5	5200000	5440000	5	2
162	chr5	5640000	6440000	5	2
163	chr5	6720000	6800000	5	2
164	chr5	6960000	7000000	5	2
165	chr5	7560000	7600000	5	2
166	chr5	7840000	7920000	5	2
167	chr5	7960000	8040000	5	2
168	chr5	8320000	8720000	5	2
169	chr5	8840000	9280000	5	2
170	chr5	9320000	9480000	5	2
171	chr5	9600000	10320000	5	2
172	chr5	10360000	10480000	5	2
173	chr5	10520000	10720000	5	2
174	chr5	10760000	11280000	5	2
175	chr5	11560000	11600000	5	2
176	chr5	11720000	11760000	5	2
177	chr5	12320000	12360000	5	2
178	chr5	13440000	13920000	5	2
179	chr5	14040000	14360000	5	2
180	chr5	14400000	14480000	5	2
181	chr5	14560000	14720000	5	2
182	chr5	14760000	15040000	5	2
183	chr5	15160000	16200000	5	2
184	chr5	16560000	16720000	5	2
185	chr5	16760000	17280000	5	2
186	chr5	17320000	17560000	5	2
187	chr5	17880000	17920000	5	2
188	chr5	18120000	18160000	5	2
189	chr5	18200000	18240000	5	2
190	chr5	19200000	19240000	5	2
191	chr5	20000000	20040000	5	2
192	chr5	20600000	20640000	5	2
193	chr5	21600000	21640000	5	2
194	chr5	21680000	21800000	5	2
195	chr5	22600000	22640000	5	2
196	chr5	23280000	23320000	5	2
197	chr5	26720000	26760000	5	2
198	chr5	27280000	27400000	5	2
199	chr5	30600000	30640000	5	2
200	chr5	30800000	31280000	5	2
201	chr5	31320000	31520000	5	2
202	chr5	31840000	32080000	6	2
203	chr5	32280000	32480000	7	2
204	chr5	32520000	32640000	7	2
205	chr5	32720000	33440000	7	2
206	chr5	33520000	34040000	8	2
207	chr5	34520000	34920000	9	2
208	chr5	35000000	35080000	10	2
209	chr5	35120000	36080000	10	2
210	chr5	36120000	36760000	10	2
211	chr5	36920000	37200000	11	2
212	chr5	37440000	38360000	12	2
213	chr5	38440000	38920000	13	2
214	chr5	39000000	39400000	14	2
215	chr5	39440000	39600000	14	2
216	chr5	39640000	40840000	14	2
217	chr5	40960000	41920000	14	2
218	chr5	42520000	42640000	16	2
219	chr5	43560000	43640000	19	2
220	chr5	45920000	46360000	22	2
221	chr5	50320000	50400000	24	2
222	chr5	51160000	51200000	25	2
223	chr5	51880000	51920000	27	2
224	chr5	52000000	52280000	28	2
225	chr5	52320000	52400000	28	2
226	chr5	52480000	53560000	29	2
227	chr5	53600000	53840000	29	2
228	chr5	53880000	54240000	29	2
229	chr5	54280000	54480000	29	2
230	chr5	54720000	55280000	30	2
231	chr5	55320000	55560000	30	2
232	chr5	55600000	56240000	30	2
233	chr5	56600000	57800000	31	2
234	chr5	58000000	58200000	32	2
235	chr5	58240000	58280000	32	2
236	chr5	58400000	58520000	32	2
237	chr5	58560000	58720000	32	2
238	chr5	58760000	59000000	32	2
239	chr5	59080000	59920000	32	2
240	chr5	60280000	61000000	32	2
241	chr5	61040000	61520000	32	2
242	chr5	61840000	62000000	33	2
243	chr5	64000000	64120000	36	2
244	chr5	64160000	64880000	36	2
245	chr5	65000000	65480000	37	2
246	chr5	65640000	65720000	38	2
247	chr5	65880000	65920000	38	2
248	chr5	66080000	66120000	38	2
249	chr5	66160000	66560000	38	2
250	chr5	66640000	67600000	38	2
251	chr5	67640000	68200000	38	2
252	chr5	71000000	71680000	40	2
253	chr5	71720000	72200000	40	2
254	chr5	72360000	72840000	41	2
255	chr5	72920000	73200000	42	2
256	chr5	73240000	73960000	42	2
257	chr5	74200000	74240000	43	2
258	chr5	74280000	74360000	43	2
259	chr5	74720000	74760000	44	2
260	chr5	74880000	75040000	44	2
261	chr5	75640000	75880000	46	2
262	chr5	75960000	76120000	47	2
263	chr5	76280000	76400000	48	2
264	chr5	76440000	76880000	48	2
265	chr5	76920000	77600000	48	2
266	chr5	77680000	78320000	49	2
267	chr5	78680000	78840000	50	2
268	chr5	79000000	79040000	51	2
269	chr5	79160000	79440000	51	2
270	chr5	79480000	79560000	51	2
271	chr5	80040000	80600000	53	2
272	chr5	80680000	81560000	54	2
273	chr5	81640000	82960000	55	2
274	chr5	83120000	83800000	56	2
275	chr5	86160000	86200000	60	2
276	chr5	86360000	86720000	61	2
277	chr5	86960000	87120000	62	2
278	chr5	87560000	87640000	62	2
279	chr5	87840000	87920000	62	2
280	chr5	88040000	88920000	62	2
281	chr5	89280000	89320000	62	2
282	chr5	89760000	89920000	62	2
283	chr5	90200000	90760000	63	2
284	chr5	91000000	91040000	64	2
285	chr5	91760000	93280000	64	2
286	chr5	93400000	94280000	64	2
287	chr5	94320000	94640000	64	2
288	chr5	94920000	95200000	65	2
289	chr5	95240000	95720000	65	2
290	chr5	95760000	96080000	65	2
291	chr5	96160000	96560000	66	2
292	chr5	96600000	98200000	66	2
293	chr5	100040000	100280000	68	2
294	chr5	101960000	102520000	70	2
295	chr5	102560000	102600000	70	2
296	chr5	102640000	102840000	70	2
297	chr5	103560000	103600000	71	2
298	chr5	103880000	103920000	71	2
299	chr5	105520000	105560000	71	2
300	chr5	105880000	105920000	71	2
301	chr5	106520000	107040000	71	2
302	chr5	107080000	107480000	71	2
303	chr5	107680000	107720000	71	2
304	chr5	107880000	108880000	72	2
305	chr5	109080000	109280000	72	2
306	chr5	109440000	109480000	72	2
307	chr5	109720000	110040000	72	2
308	chr5	110120000	110480000	73	2
309	chr5	110520000	110880000	73	2
310	chr5	110920000	111520000	73	2
311	chr5	111600000	111760000	74	2
312	chr5	112040000	112200000	75	2
313	chr5	112360000	112680000	76	2
314	chr5	112880000	112920000	76	2
315	chr5	113000000	113880000	77	2
316	chr5	114080000	114160000	77	2
317	chr5	114400000	114440000	77	2
318	chr5	114480000	114600000	77	2
319	chr5	114680000	114960000	78	2
320	chr5	115080000	115120000	79	2
321	chr5	115280000	115400000	80	2
322	chr5	115520000	118280000	81	2
323	chr5	118560000	118760000	82	2
324	chr5	118840000	121280000	83	2
325	chr5	121360000	121560000	84	2
326	chr5	121600000	121800000	84	2
327	chr5	121920000	121960000	85	2
328	chr5	122160000	122600000	85	2
329	chr5	122800000	123000000	86	2
330	chr5	123040000	125680000	86	2
331	chr5	125720000	125920000	86	2
332	chr5	126200000	126440000	87	2
333	chr5	126560000	126840000	87	2
334	chr5	126920000	128240000	88	2
335	chr5	130840000	131120000	93	2
336	chr5	131320000	131360000	94	2
337	chr5	131600000	131720000	95	2
338	chr5	131760000	132280000	95	2
339	chr5	132600000	133280000	96	2
340	chr5	133520000	133640000	97	2
341	chr5	133760000	133960000	97	2
342	chr5	134160000	134240000	98	2
343	chr5	134320000	134760000	99	2
344	chr5	134840000	134920000	100	2
345	chr5	134960000	135080000	100	2
346	chr5	135240000	135520000	101	2
347	chr5	135600000	136840000	102	2
348	chr5	137000000	137120000	103	2
349	chr5	137160000	137360000	103	2
350	chr5	137960000	138680000	106	2
351	chr5	138800000	138960000	107	2
352	chr5	139040000	139080000	108	2
353	chr5	139200000	139560000	109	2
354	chr5	139880000	140040000	111	2
355	chr5	140720000	140960000	114	2
356	chr5	141040000	141280000	115	2
357	chr5	141360000	142040000	116	2
358	chr5	142120000	142240000	117	2
359	chr5	142280000	143520000	117	2
360	chr5	143600000	145480000	118	2
361	chr5	145680000	145800000	119	2
362	chr5	145880000	145920000	120	2
363	chr5	145960000	146360000	120	2
364	chr5	146600000	146960000	120	2
365	chr5	147080000	147120000	120	2
366	chr5	147360000	147600000	121	2
367	chr5	147800000	148040000	121	2
368	chr5	148120000	148480000	122	2
369	chr5	148520000	148600000	122	2
370	chr5	148680000	148920000	123	2
371	chr5	149000000	149360000	124	2
372	chr5	149400000	149760000	124	2
373	chr5	149840000	150120000	125	2
374	chr5	150200000	150360000	126	2
375	chr5	150400000	150520000	126	2
376	chr5	150840000	151000000	127	2
377	chr5	151040000	151120000	127	2
378	chr5	151520000	151560000	129	2
379	chr5	151760000	151840000	129	2
380	chr5	152480000	152640000	129	2
381	chr5	152800000	153320000	129	2
382	chr5	153440000	153840000	129	2
383	chr5	154440000	156280000	131	2
384	chr5	156680000	157040000	132	2
385	chr5	157200000	158520000	133	2
386	chr5	158560000	159360000	133	2
387	chr5	159400000	159760000	133	2
388	chr5	159920000	166920000	134	2
389	chr5	166960000	167560000	134	2
390	chr5	167720000	167880000	135	2
391	chr5	168120000	168920000	136	2
392	chr5	168960000	169400000	136	2
393	chr5	169840000	169920000	137	2
394	chr5	170080000	170640000	138	2
395	chr5	170800000	171280000	139	2
396	chr5	171320000	171360000	139	2
397	chr5	171480000	171760000	139	2
398	chr5	171840000	172040000	140	2
399	chr5	172120000	172280000	141	2
400	chr5	172360000	172640000	142	2
401	chr5	172680000	172960000	142	2
402	chr5	173000000	173320000	142	2
403	chr5	173560000	173680000	143	2
404	chr5	173720000	174240000	143	2
405	chr5	174280000	174880000	143	2
406	chr5	175120000	175200000	145	2
407	chr5	176280000	176360000	148	2
408	chr5	176640000	176720000	149	2
409	chr5	176760000	176800000	149	2
410	chr5	179320000	179400000	153	2
411	chr5	180160000	180200000	155	2
