1	chr19	3320000	4000000	-1	1
2	chr19	4160000	4200000	-1	1
3	chr19	4320000	4440000	-1	1
4	chr19	4480000	5000000	-1	1
5	chr19	5120000	5320000	-1	1
6	chr19	5560000	5720000	-1	1
7	chr19	5920000	6400000	-1	1
8	chr19	6440000	6680000	-1	1
9	chr19	7120000	7240000	-1	1
10	chr19	7360000	7720000	-1	1
11	chr19	8680000	8800000	-1	1
12	chr19	8840000	9240000	-1	1
13	chr19	9960000	10320000	-1	1
14	chr19	10360000	10520000	-1	1
15	chr19	10640000	11080000	-1	1
16	chr19	11200000	12080000	-1	1
17	chr19	12120000	12240000	-1	1
18	chr19	12760000	12880000	-1	1
19	chr19	12920000	13000000	-1	1
20	chr19	13280000	13320000	-1	1
21	chr19	13480000	13520000	-1	1
22	chr19	14080000	16040000	-1	1
23	chr19	16080000	17200000	-1	1
24	chr19	17600000	18680000	-1	1
25	chr19	18720000	18760000	-1	1
26	chr19	18880000	20440000	-1	1
27	chr19	20480000	24160000	-1	1
28	chr19	24280000	24360000	-1	1
29	chr19	24400000	24880000	-1	1
30	chr19	25000000	25760000	-1	1
31	chr19	25880000	25960000	-1	1
32	chr19	26080000	26120000	-1	1
33	chr19	26360000	29640000	-1	1
34	chr19	29760000	30280000	-1	1
35	chr19	30320000	30680000	-1	1
36	chr19	30840000	31840000	-1	1
37	chr19	32080000	33480000	-1	1
38	chr19	34120000	34160000	-1	1
39	chr19	34280000	36880000	-1	1
40	chr19	36920000	37600000	-1	1
41	chr19	37640000	39000000	-1	1
42	chr19	40480000	40680000	-1	1
43	chr19	40720000	41880000	-1	1
44	chr19	42040000	42280000	-1	1
45	chr19	42320000	43640000	-1	1
46	chr19	43760000	44160000	-1	1
47	chr19	44200000	45040000	-1	1
48	chr19	45160000	45720000	-1	1
49	chr19	45840000	46120000	-1	1
50	chr19	46160000	46560000	-1	1
51	chr19	46720000	47280000	-1	1
52	chr19	47520000	47880000	-1	1
53	chr19	48000000	50320000	-1	1
54	chr19	50440000	50480000	-1	1
55	chr19	50600000	50640000	-1	1
56	chr19	50840000	50880000	-1	1
57	chr19	51120000	51160000	-1	1
58	chr19	51440000	51520000	-1	1
59	chr19	52440000	53000000	-1	1
60	chr19	53120000	53480000	-1	1
61	chr19	53520000	53600000	-1	1
62	chr19	53720000	56280000	-1	1
63	chr19	56440000	57760000	-1	1
64	chr19	57800000	58840000	-1	1
65	chr19	59040000	59280000	-1	1
66	chr19	59400000	60440000	-1	1
67	chr19	60600000	60720000	-1	1
68	chr19	60840000	61280000	-1	1
69	chr19	3320000	3560000	1	2
70	chr19	3680000	3960000	1	2
71	chr19	4320000	4400000	3	2
72	chr19	4480000	4960000	4	2
73	chr19	5120000	5280000	5	2
74	chr19	5560000	5680000	6	2
75	chr19	5920000	6240000	7	2
76	chr19	6440000	6640000	8	2
77	chr19	7360000	7680000	10	2
78	chr19	8680000	8760000	11	2
79	chr19	8840000	9200000	12	2
80	chr19	9960000	10280000	13	2
81	chr19	10440000	10480000	14	2
82	chr19	10640000	11040000	15	2
83	chr19	11200000	12040000	16	2
84	chr19	12120000	12200000	17	2
85	chr19	12800000	12840000	18	2
86	chr19	12920000	12960000	19	2
87	chr19	14080000	16000000	22	2
88	chr19	16080000	17160000	23	2
89	chr19	17600000	18640000	24	2
90	chr19	18880000	20400000	26	2
91	chr19	20480000	22400000	27	2
92	chr19	22440000	24120000	27	2
93	chr19	24280000	24320000	28	2
94	chr19	24400000	24840000	29	2
95	chr19	25000000	25640000	30	2
96	chr19	26360000	26600000	33	2
97	chr19	26720000	29600000	33	2
98	chr19	29760000	30240000	34	2
99	chr19	30360000	30640000	35	2
100	chr19	30840000	30960000	36	2
101	chr19	31320000	31400000	36	2
102	chr19	31680000	31720000	36	2
103	chr19	32080000	32560000	37	2
104	chr19	32600000	33440000	37	2
105	chr19	34280000	35040000	39	2
106	chr19	35080000	36160000	39	2
107	chr19	36200000	36840000	39	2
108	chr19	36920000	37560000	40	2
109	chr19	37640000	38960000	41	2
110	chr19	40480000	40640000	42	2
111	chr19	40720000	41840000	43	2
112	chr19	42040000	42240000	44	2
113	chr19	42320000	42760000	45	2
114	chr19	42880000	43520000	45	2
115	chr19	43760000	44120000	46	2
116	chr19	44200000	44640000	47	2
117	chr19	44680000	45000000	47	2
118	chr19	45160000	45600000	48	2
119	chr19	45840000	46080000	49	2
120	chr19	46160000	46520000	50	2
121	chr19	46720000	47240000	51	2
122	chr19	47520000	47840000	52	2
123	chr19	48000000	50280000	53	2
124	chr19	51440000	51480000	58	2
125	chr19	52480000	52520000	59	2
126	chr19	52680000	52800000	59	2
127	chr19	53120000	53440000	60	2
128	chr19	53720000	53840000	62	2
129	chr19	53880000	55400000	62	2
130	chr19	55440000	56240000	62	2
131	chr19	56440000	57720000	63	2
132	chr19	57800000	58680000	64	2
133	chr19	59040000	59120000	65	2
134	chr19	59400000	59480000	66	2
135	chr19	59960000	60080000	66	2
136	chr19	60600000	60680000	67	2
137	chr19	60960000	61240000	68	2
138	chr19	3320000	3520000	69	3
139	chr19	3680000	3920000	70	3
140	chr19	4320000	4360000	71	3
141	chr19	4480000	4760000	72	3
142	chr19	4800000	4920000	72	3
143	chr19	5120000	5240000	73	3
144	chr19	5560000	5640000	74	3
145	chr19	5920000	6120000	75	3
146	chr19	6440000	6480000	76	3
147	chr19	7360000	7520000	77	3
148	chr19	7560000	7640000	77	3
149	chr19	8680000	8720000	78	3
150	chr19	8840000	9040000	79	3
151	chr19	9080000	9160000	79	3
152	chr19	9960000	10240000	80	3
153	chr19	10640000	11000000	82	3
154	chr19	11200000	12000000	83	3
155	chr19	12120000	12160000	84	3
156	chr19	14080000	15960000	87	3
157	chr19	16080000	17120000	88	3
158	chr19	17600000	18000000	89	3
159	chr19	18440000	18480000	89	3
160	chr19	18880000	20360000	90	3
161	chr19	20480000	21640000	91	3
162	chr19	21680000	21840000	91	3
163	chr19	21880000	21960000	91	3
164	chr19	22080000	22360000	91	3
165	chr19	22440000	22960000	92	3
166	chr19	23000000	24080000	92	3
167	chr19	24400000	24800000	94	3
168	chr19	25000000	25520000	95	3
169	chr19	26360000	26560000	96	3
170	chr19	26720000	27480000	97	3
171	chr19	27520000	28840000	97	3
172	chr19	28880000	29560000	97	3
173	chr19	29760000	30200000	98	3
174	chr19	30360000	30600000	99	3
175	chr19	30880000	30920000	100	3
176	chr19	31320000	31360000	101	3
177	chr19	32080000	32520000	103	3
178	chr19	32720000	33400000	104	3
179	chr19	34280000	34920000	105	3
180	chr19	34960000	35000000	105	3
181	chr19	35080000	35960000	106	3
182	chr19	36200000	36800000	107	3
183	chr19	36920000	37520000	108	3
184	chr19	37640000	38920000	109	3
185	chr19	40480000	40600000	110	3
186	chr19	40720000	41120000	111	3
187	chr19	41160000	41800000	111	3
188	chr19	42040000	42200000	112	3
189	chr19	42320000	42720000	113	3
190	chr19	42880000	43480000	114	3
191	chr19	43760000	44080000	115	3
192	chr19	44200000	44600000	116	3
193	chr19	44680000	44960000	117	3
194	chr19	45160000	45280000	118	3
195	chr19	45320000	45560000	118	3
196	chr19	45840000	46040000	119	3
197	chr19	46160000	46480000	120	3
198	chr19	46720000	47200000	121	3
199	chr19	47520000	47640000	122	3
200	chr19	48000000	50240000	123	3
201	chr19	52680000	52760000	126	3
202	chr19	53120000	53400000	127	3
203	chr19	53720000	53800000	128	3
204	chr19	53880000	55360000	129	3
205	chr19	55440000	56200000	130	3
206	chr19	56440000	57160000	131	3
207	chr19	57320000	57360000	131	3
208	chr19	57480000	57680000	131	3
209	chr19	57800000	58640000	132	3
210	chr19	59040000	59080000	133	3
211	chr19	59400000	59440000	134	3
212	chr19	59960000	60040000	135	3
213	chr19	60600000	60640000	136	3
214	chr19	60960000	61200000	137	3
215	chr19	3320000	3480000	138	4
216	chr19	3680000	3880000	139	4
217	chr19	4480000	4720000	141	4
218	chr19	4800000	4880000	142	4
219	chr19	5120000	5200000	143	4
220	chr19	5560000	5600000	144	4
221	chr19	5920000	6080000	145	4
222	chr19	7360000	7480000	147	4
223	chr19	7560000	7600000	148	4
224	chr19	8840000	9000000	150	4
225	chr19	9080000	9120000	151	4
226	chr19	9960000	10200000	152	4
227	chr19	10640000	10720000	153	4
228	chr19	10760000	10960000	153	4
229	chr19	11200000	11960000	154	4
230	chr19	14080000	15920000	156	4
231	chr19	16080000	16880000	157	4
232	chr19	16920000	17080000	157	4
233	chr19	17600000	17960000	158	4
234	chr19	18880000	18920000	160	4
235	chr19	18960000	19440000	160	4
236	chr19	19800000	19840000	160	4
237	chr19	20480000	21600000	161	4
238	chr19	21680000	21800000	162	4
239	chr19	21880000	21920000	163	4
240	chr19	22080000	22320000	164	4
241	chr19	22440000	22920000	165	4
242	chr19	23000000	23360000	166	4
243	chr19	23400000	24040000	166	4
244	chr19	24400000	24760000	167	4
245	chr19	25000000	25480000	168	4
246	chr19	26360000	26520000	169	4
247	chr19	26720000	27440000	170	4
248	chr19	27520000	28800000	171	4
249	chr19	28880000	29520000	172	4
250	chr19	29760000	30160000	173	4
251	chr19	30360000	30560000	174	4
252	chr19	32080000	32480000	177	4
253	chr19	32720000	33360000	178	4
254	chr19	34280000	34880000	179	4
255	chr19	35080000	35920000	181	4
256	chr19	36200000	36760000	182	4
257	chr19	36920000	37480000	183	4
258	chr19	37640000	38520000	184	4
259	chr19	38640000	38880000	184	4
260	chr19	40480000	40560000	185	4
261	chr19	40720000	41080000	186	4
262	chr19	41160000	41480000	187	4
263	chr19	41600000	41760000	187	4
264	chr19	42040000	42160000	188	4
265	chr19	42320000	42680000	189	4
266	chr19	42880000	43440000	190	4
267	chr19	43760000	44040000	191	4
268	chr19	44200000	44560000	192	4
269	chr19	44680000	44920000	193	4
270	chr19	45160000	45240000	194	4
271	chr19	45320000	45520000	195	4
272	chr19	45880000	46000000	196	4
273	chr19	46160000	46440000	197	4
274	chr19	46760000	47040000	198	4
275	chr19	47520000	47600000	199	4
276	chr19	48000000	48040000	200	4
277	chr19	48400000	48520000	200	4
278	chr19	48760000	48800000	200	4
279	chr19	48960000	49000000	200	4
280	chr19	49200000	49360000	200	4
281	chr19	49480000	49520000	200	4
282	chr19	49800000	50200000	200	4
283	chr19	52680000	52720000	201	4
284	chr19	53120000	53360000	202	4
285	chr19	53720000	53760000	203	4
286	chr19	53880000	53920000	204	4
287	chr19	54040000	55320000	204	4
288	chr19	55440000	56160000	205	4
289	chr19	56440000	57120000	206	4
290	chr19	57480000	57640000	208	4
291	chr19	57800000	58600000	209	4
292	chr19	59960000	60000000	212	4
293	chr19	60960000	61160000	214	4
294	chr19	3320000	3440000	215	5
295	chr19	3680000	3840000	216	5
296	chr19	4480000	4680000	217	5
297	chr19	4800000	4840000	218	5
298	chr19	5120000	5160000	219	5
299	chr19	5920000	6040000	221	5
300	chr19	7360000	7440000	222	5
301	chr19	8840000	8960000	224	5
302	chr19	9960000	10160000	226	5
303	chr19	10760000	10920000	228	5
304	chr19	11200000	11920000	229	5
305	chr19	14160000	15880000	230	5
306	chr19	16080000	16840000	231	5
307	chr19	16920000	17040000	232	5
308	chr19	17600000	17920000	233	5
309	chr19	18960000	19200000	235	5
310	chr19	19360000	19400000	235	5
311	chr19	20480000	21560000	237	5
312	chr19	21680000	21760000	238	5
313	chr19	22080000	22280000	240	5
314	chr19	22440000	22880000	241	5
315	chr19	23000000	23320000	242	5
316	chr19	23400000	24000000	243	5
317	chr19	24400000	24720000	244	5
318	chr19	25000000	25440000	245	5
319	chr19	26360000	26480000	246	5
320	chr19	26720000	26760000	247	5
321	chr19	27080000	27400000	247	5
322	chr19	27520000	28760000	248	5
323	chr19	28880000	29480000	249	5
324	chr19	29760000	30120000	250	5
325	chr19	30360000	30520000	251	5
326	chr19	32080000	32160000	252	5
327	chr19	32200000	32440000	252	5
328	chr19	32720000	33320000	253	5
329	chr19	34280000	34760000	254	5
330	chr19	35080000	35880000	255	5
331	chr19	36200000	36640000	256	5
332	chr19	36920000	37440000	257	5
333	chr19	37640000	38280000	258	5
334	chr19	38320000	38480000	258	5
335	chr19	38680000	38840000	259	5
336	chr19	40480000	40520000	260	5
337	chr19	40720000	40800000	261	5
338	chr19	40840000	41040000	261	5
339	chr19	41160000	41440000	262	5
340	chr19	41600000	41720000	263	5
341	chr19	42040000	42120000	264	5
342	chr19	42320000	42640000	265	5
343	chr19	42880000	43400000	266	5
344	chr19	43760000	44000000	267	5
345	chr19	44200000	44520000	268	5
346	chr19	44680000	44880000	269	5
347	chr19	45320000	45480000	271	5
348	chr19	45880000	45960000	272	5
349	chr19	46160000	46400000	273	5
350	chr19	46760000	47000000	274	5
351	chr19	47520000	47560000	275	5
352	chr19	48400000	48480000	277	5
353	chr19	49200000	49240000	280	5
354	chr19	49880000	50160000	282	5
355	chr19	53120000	53320000	284	5
356	chr19	54040000	55280000	287	5
357	chr19	55480000	56120000	288	5
358	chr19	56520000	57080000	289	5
359	chr19	57480000	57600000	290	5
360	chr19	57960000	58560000	291	5
361	chr19	60960000	61000000	293	5
