1	chr6	3440000	5560000	-1	1
2	chr6	5600000	6920000	-1	1
3	chr6	7200000	7560000	-1	1
4	chr6	7720000	8880000	-1	1
5	chr6	8920000	9240000	-1	1
6	chr6	9360000	9400000	-1	1
7	chr6	10280000	10400000	-1	1
8	chr6	10920000	11000000	-1	1
9	chr6	11520000	11560000	-1	1
10	chr6	11920000	12120000	-1	1
11	chr6	12280000	13200000	-1	1
12	chr6	13520000	14200000	-1	1
13	chr6	14320000	14360000	-1	1
14	chr6	14880000	16960000	-1	1
15	chr6	17000000	18000000	-1	1
16	chr6	18120000	18360000	-1	1
17	chr6	18400000	18440000	-1	1
18	chr6	20600000	20640000	-1	1
19	chr6	20920000	21680000	-1	1
20	chr6	21720000	23440000	-1	1
21	chr6	23720000	24440000	-1	1
22	chr6	24760000	24800000	-1	1
23	chr6	25000000	25040000	-1	1
24	chr6	25400000	25440000	-1	1
25	chr6	25560000	25800000	-1	1
26	chr6	25920000	25960000	-1	1
27	chr6	26160000	26200000	-1	1
28	chr6	27240000	27440000	-1	1
29	chr6	27560000	28360000	-1	1
30	chr6	28400000	29120000	-1	1
31	chr6	29240000	30360000	-1	1
32	chr6	30400000	35200000	-1	1
33	chr6	35240000	38320000	-1	1
34	chr6	38360000	39320000	-1	1
35	chr6	39360000	39400000	-1	1
36	chr6	39440000	40440000	-1	1
37	chr6	40560000	40880000	-1	1
38	chr6	41000000	41040000	-1	1
39	chr6	41240000	41280000	-1	1
40	chr6	41480000	41720000	-1	1
41	chr6	41880000	41920000	-1	1
42	chr6	42200000	42800000	-1	1
43	chr6	43080000	43120000	-1	1
44	chr6	43240000	43280000	-1	1
45	chr6	43320000	43680000	-1	1
46	chr6	44000000	44040000	-1	1
47	chr6	44160000	44280000	-1	1
48	chr6	44880000	44920000	-1	1
49	chr6	45200000	47040000	-1	1
50	chr6	47160000	47600000	-1	1
51	chr6	47760000	48080000	-1	1
52	chr6	48360000	49360000	-1	1
53	chr6	49400000	50560000	-1	1
54	chr6	50600000	54520000	-1	1
55	chr6	54560000	55160000	-1	1
56	chr6	55200000	55880000	-1	1
57	chr6	56040000	56120000	-1	1
58	chr6	56320000	56400000	-1	1
59	chr6	56760000	56880000	-1	1
60	chr6	57680000	57800000	-1	1
61	chr6	58600000	58760000	-1	1
62	chr6	58800000	59120000	-1	1
63	chr6	59240000	59480000	-1	1
64	chr6	59720000	59760000	-1	1
65	chr6	59920000	59960000	-1	1
66	chr6	60280000	60400000	-1	1
67	chr6	60600000	66520000	-1	1
68	chr6	66840000	67480000	-1	1
69	chr6	68800000	68880000	-1	1
70	chr6	70800000	71800000	-1	1
71	chr6	71840000	72320000	-1	1
72	chr6	72360000	72800000	-1	1
73	chr6	72840000	73280000	-1	1
74	chr6	73440000	74080000	-1	1
75	chr6	74720000	74760000	-1	1
76	chr6	75560000	75600000	-1	1
77	chr6	76480000	76600000	-1	1
78	chr6	76760000	77200000	-1	1
79	chr6	77520000	77560000	-1	1
80	chr6	77680000	77720000	-1	1
81	chr6	77920000	78080000	-1	1
82	chr6	78360000	78400000	-1	1
83	chr6	78600000	78640000	-1	1
84	chr6	78760000	78800000	-1	1
85	chr6	79720000	79760000	-1	1
86	chr6	80000000	80040000	-1	1
87	chr6	80320000	81800000	-1	1
88	chr6	81920000	82960000	-1	1
89	chr6	83000000	83680000	-1	1
90	chr6	83840000	85280000	-1	1
91	chr6	85440000	85600000	-1	1
92	chr6	85880000	86360000	-1	1
93	chr6	86600000	87720000	-1	1
94	chr6	87840000	88040000	-1	1
95	chr6	88080000	88840000	-1	1
96	chr6	88880000	89600000	-1	1
97	chr6	90040000	90080000	-1	1
98	chr6	90360000	90480000	-1	1
99	chr6	90600000	90800000	-1	1
100	chr6	91240000	91400000	-1	1
101	chr6	91440000	92160000	-1	1
102	chr6	92200000	95000000	-1	1
103	chr6	95040000	97120000	-1	1
104	chr6	97160000	100680000	-1	1
105	chr6	100840000	101520000	-1	1
106	chr6	101640000	103280000	-1	1
107	chr6	103440000	103640000	-1	1
108	chr6	104000000	104280000	-1	1
109	chr6	104520000	104560000	-1	1
110	chr6	104720000	104760000	-1	1
111	chr6	104960000	105000000	-1	1
112	chr6	105160000	105200000	-1	1
113	chr6	105480000	105520000	-1	1
114	chr6	105760000	106720000	-1	1
115	chr6	106760000	107720000	-1	1
116	chr6	108040000	108720000	-1	1
117	chr6	108760000	108840000	-1	1
118	chr6	109160000	109280000	-1	1
119	chr6	109440000	109520000	-1	1
120	chr6	109880000	109920000	-1	1
121	chr6	110320000	110360000	-1	1
122	chr6	110640000	112440000	-1	1
123	chr6	112560000	113000000	-1	1
124	chr6	113040000	113680000	-1	1
125	chr6	113720000	114440000	-1	1
126	chr6	114640000	115520000	-1	1
127	chr6	115640000	115760000	-1	1
128	chr6	115800000	116440000	-1	1
129	chr6	116680000	116720000	-1	1
130	chr6	117200000	117240000	-1	1
131	chr6	117760000	117840000	-1	1
132	chr6	117960000	119360000	-1	1
133	chr6	119480000	120400000	-1	1
134	chr6	120440000	120800000	-1	1
135	chr6	120840000	121160000	-1	1
136	chr6	121200000	121520000	-1	1
137	chr6	122280000	122600000	-1	1
138	chr6	122640000	122800000	-1	1
139	chr6	123240000	123280000	-1	1
140	chr6	124080000	124120000	-1	1
141	chr6	124240000	124360000	-1	1
142	chr6	124400000	124440000	-1	1
143	chr6	124640000	124680000	-1	1
144	chr6	124880000	124960000	-1	1
145	chr6	125080000	125200000	-1	1
146	chr6	125400000	125560000	-1	1
147	chr6	125600000	126680000	-1	1
148	chr6	126720000	127040000	-1	1
149	chr6	127160000	127200000	-1	1
150	chr6	127400000	128320000	-1	1
151	chr6	128520000	128800000	-1	1
152	chr6	129000000	129080000	-1	1
153	chr6	129200000	129520000	-1	1
154	chr6	131280000	131440000	-1	1
155	chr6	131840000	131880000	-1	1
156	chr6	133560000	133600000	-1	1
157	chr6	133960000	134840000	-1	1
158	chr6	134960000	136360000	-1	1
159	chr6	136400000	136720000	-1	1
160	chr6	136840000	136880000	-1	1
161	chr6	137040000	137720000	-1	1
162	chr6	137760000	137960000	-1	1
163	chr6	138360000	138720000	-1	1
164	chr6	139000000	139080000	-1	1
165	chr6	139240000	139280000	-1	1
166	chr6	139720000	140680000	-1	1
167	chr6	140720000	142000000	-1	1
168	chr6	142200000	142240000	-1	1
169	chr6	142360000	143160000	-1	1
170	chr6	143200000	144920000	-1	1
171	chr6	144960000	145280000	-1	1
172	chr6	145320000	146440000	-1	1
173	chr6	146680000	146760000	-1	1
174	chr6	146800000	148120000	-1	1
175	chr6	148160000	149520000	-1	1
176	chr6	3440000	5520000	1	2
177	chr6	5600000	6880000	2	2
178	chr6	7280000	7400000	3	2
179	chr6	7720000	8160000	4	2
180	chr6	8280000	8640000	4	2
181	chr6	8800000	8840000	4	2
182	chr6	8920000	9200000	5	2
183	chr6	10920000	10960000	8	2
184	chr6	11920000	12080000	10	2
185	chr6	12280000	13160000	11	2
186	chr6	13560000	13640000	12	2
187	chr6	13800000	13920000	12	2
188	chr6	14880000	16920000	14	2
189	chr6	17000000	17600000	15	2
190	chr6	17640000	17960000	15	2
191	chr6	18120000	18320000	16	2
192	chr6	20920000	21640000	19	2
193	chr6	21720000	23400000	20	2
194	chr6	23720000	23880000	21	2
195	chr6	24080000	24400000	21	2
196	chr6	25560000	25760000	25	2
197	chr6	27280000	27400000	28	2
198	chr6	27560000	28320000	29	2
199	chr6	28400000	29080000	30	2
200	chr6	29240000	29680000	31	2
201	chr6	29720000	30320000	31	2
202	chr6	30400000	31440000	32	2
203	chr6	31480000	34240000	32	2
204	chr6	34280000	35160000	32	2
205	chr6	35280000	37000000	33	2
206	chr6	37040000	38280000	33	2
207	chr6	38360000	38560000	34	2
208	chr6	38600000	39080000	34	2
209	chr6	39120000	39280000	34	2
210	chr6	39440000	39760000	36	2
211	chr6	39800000	40400000	36	2
212	chr6	40560000	40840000	37	2
213	chr6	41480000	41680000	40	2
214	chr6	42200000	42560000	42	2
215	chr6	42720000	42760000	42	2
216	chr6	43320000	43640000	45	2
217	chr6	44160000	44240000	47	2
218	chr6	45200000	47000000	49	2
219	chr6	47160000	47560000	50	2
220	chr6	47760000	48040000	51	2
221	chr6	48360000	48400000	52	2
222	chr6	48560000	48960000	52	2
223	chr6	49000000	49320000	52	2
224	chr6	49400000	50520000	53	2
225	chr6	50640000	51120000	54	2
226	chr6	51160000	52200000	54	2
227	chr6	52240000	52960000	54	2
228	chr6	53000000	54480000	54	2
229	chr6	54560000	55120000	55	2
230	chr6	55200000	55840000	56	2
231	chr6	56040000	56080000	57	2
232	chr6	56760000	56840000	59	2
233	chr6	57680000	57760000	60	2
234	chr6	58600000	58720000	61	2
235	chr6	58800000	59080000	62	2
236	chr6	59240000	59440000	63	2
237	chr6	60320000	60360000	66	2
238	chr6	60600000	61280000	67	2
239	chr6	61320000	61840000	67	2
240	chr6	62160000	62240000	67	2
241	chr6	62520000	64600000	67	2
242	chr6	64640000	66480000	67	2
243	chr6	66840000	67440000	68	2
244	chr6	68800000	68840000	69	2
245	chr6	70800000	70920000	70	2
246	chr6	71040000	71760000	70	2
247	chr6	71840000	72280000	71	2
248	chr6	72400000	72560000	72	2
249	chr6	72600000	72760000	72	2
250	chr6	72840000	73240000	73	2
251	chr6	73440000	74040000	74	2
252	chr6	76480000	76560000	77	2
253	chr6	76760000	76840000	78	2
254	chr6	76960000	77080000	78	2
255	chr6	77920000	77960000	81	2
256	chr6	80320000	80840000	87	2
257	chr6	81360000	81760000	87	2
258	chr6	81920000	82920000	88	2
259	chr6	83000000	83280000	89	2
260	chr6	83320000	83640000	89	2
261	chr6	83840000	84040000	90	2
262	chr6	84080000	85080000	90	2
263	chr6	85120000	85240000	90	2
264	chr6	85440000	85480000	91	2
265	chr6	85880000	86080000	92	2
266	chr6	86240000	86320000	92	2
267	chr6	86600000	87000000	93	2
268	chr6	87040000	87680000	93	2
269	chr6	87840000	88000000	94	2
270	chr6	88080000	88800000	95	2
271	chr6	89040000	89560000	96	2
272	chr6	90360000	90440000	98	2
273	chr6	90600000	90760000	99	2
274	chr6	91240000	91360000	100	2
275	chr6	91440000	92120000	101	2
276	chr6	92200000	94440000	102	2
277	chr6	94480000	94960000	102	2
278	chr6	95040000	97080000	103	2
279	chr6	97160000	98040000	104	2
280	chr6	98080000	99600000	104	2
281	chr6	99640000	100640000	104	2
282	chr6	100840000	101360000	105	2
283	chr6	101640000	102000000	106	2
284	chr6	102200000	102240000	106	2
285	chr6	102280000	102320000	106	2
286	chr6	102520000	103160000	106	2
287	chr6	103440000	103600000	107	2
288	chr6	104000000	104120000	108	2
289	chr6	105760000	106040000	114	2
290	chr6	106160000	106200000	114	2
291	chr6	106360000	106400000	114	2
292	chr6	106520000	106600000	114	2
293	chr6	106640000	106680000	114	2
294	chr6	106760000	107040000	115	2
295	chr6	107280000	107600000	115	2
296	chr6	108040000	108680000	116	2
297	chr6	108760000	108800000	117	2
298	chr6	109160000	109240000	118	2
299	chr6	109440000	109480000	119	2
300	chr6	110640000	112400000	122	2
301	chr6	112600000	112960000	123	2
302	chr6	113040000	113560000	124	2
303	chr6	113720000	114400000	125	2
304	chr6	114640000	115480000	126	2
305	chr6	115640000	115720000	127	2
306	chr6	115800000	115840000	128	2
307	chr6	116000000	116400000	128	2
308	chr6	117760000	117800000	131	2
309	chr6	117960000	118400000	132	2
310	chr6	118520000	119320000	132	2
311	chr6	119480000	120360000	133	2
312	chr6	120480000	120760000	134	2
313	chr6	120840000	121120000	135	2
314	chr6	121200000	121400000	136	2
315	chr6	122280000	122560000	137	2
316	chr6	122640000	122760000	138	2
317	chr6	124240000	124320000	141	2
318	chr6	124880000	124920000	144	2
319	chr6	125080000	125160000	145	2
320	chr6	125400000	125520000	146	2
321	chr6	125600000	126440000	147	2
322	chr6	126560000	126640000	147	2
323	chr6	126760000	127000000	148	2
324	chr6	127400000	128200000	150	2
325	chr6	128520000	128760000	151	2
326	chr6	129000000	129040000	152	2
327	chr6	129200000	129480000	153	2
328	chr6	131280000	131400000	154	2
329	chr6	133960000	134360000	157	2
330	chr6	134400000	134800000	157	2
331	chr6	134960000	135360000	158	2
332	chr6	135400000	136320000	158	2
333	chr6	136400000	136560000	159	2
334	chr6	136600000	136680000	159	2
335	chr6	137040000	137240000	161	2
336	chr6	137480000	137520000	161	2
337	chr6	137640000	137680000	161	2
338	chr6	137760000	137800000	162	2
339	chr6	138360000	138680000	163	2
340	chr6	139000000	139040000	164	2
341	chr6	139720000	140640000	166	2
342	chr6	140720000	141400000	167	2
343	chr6	141440000	141960000	167	2
344	chr6	142360000	143120000	169	2
345	chr6	143200000	144880000	170	2
346	chr6	145000000	145240000	171	2
347	chr6	145320000	146280000	172	2
348	chr6	146680000	146720000	173	2
349	chr6	146800000	148080000	174	2
350	chr6	148160000	148880000	175	2
351	chr6	148920000	149480000	175	2
352	chr6	3440000	4480000	176	3
353	chr6	4520000	5360000	176	3
354	chr6	5400000	5480000	176	3
355	chr6	5600000	6840000	177	3
356	chr6	7720000	8120000	179	3
357	chr6	8280000	8520000	180	3
358	chr6	8920000	9080000	182	3
359	chr6	11920000	11960000	184	3
360	chr6	12280000	13120000	185	3
361	chr6	13560000	13600000	186	3
362	chr6	13800000	13880000	187	3
363	chr6	14880000	16880000	188	3
364	chr6	17000000	17560000	189	3
365	chr6	17640000	17920000	190	3
366	chr6	18160000	18280000	191	3
367	chr6	20920000	20960000	192	3
368	chr6	21080000	21600000	192	3
369	chr6	21720000	22040000	193	3
370	chr6	22080000	22960000	193	3
371	chr6	23000000	23080000	193	3
372	chr6	23200000	23360000	193	3
373	chr6	24080000	24360000	195	3
374	chr6	25560000	25720000	196	3
375	chr6	27280000	27360000	197	3
376	chr6	27560000	28280000	198	3
377	chr6	28400000	29040000	199	3
378	chr6	29240000	29640000	200	3
379	chr6	29760000	29920000	201	3
380	chr6	30080000	30280000	201	3
381	chr6	30400000	31000000	202	3
382	chr6	31040000	31400000	202	3
383	chr6	31480000	34200000	203	3
384	chr6	34280000	34880000	204	3
385	chr6	34920000	35120000	204	3
386	chr6	35280000	35720000	205	3
387	chr6	35840000	35880000	205	3
388	chr6	36120000	36160000	205	3
389	chr6	36360000	36480000	205	3
390	chr6	36720000	36960000	205	3
391	chr6	37040000	37400000	206	3
392	chr6	37440000	38120000	206	3
393	chr6	38160000	38240000	206	3
394	chr6	38360000	38520000	207	3
395	chr6	38600000	39040000	208	3
396	chr6	39120000	39240000	209	3
397	chr6	39440000	39720000	210	3
398	chr6	39800000	40360000	211	3
399	chr6	40560000	40800000	212	3
400	chr6	41480000	41640000	213	3
401	chr6	42200000	42360000	214	3
402	chr6	42480000	42520000	214	3
403	chr6	43320000	43400000	216	3
404	chr6	43520000	43600000	216	3
405	chr6	44160000	44200000	217	3
406	chr6	45200000	45240000	218	3
407	chr6	45440000	45600000	218	3
408	chr6	45840000	46000000	218	3
409	chr6	46160000	46240000	218	3
410	chr6	46400000	46480000	218	3
411	chr6	46680000	46960000	218	3
412	chr6	47160000	47520000	219	3
413	chr6	47760000	48000000	220	3
414	chr6	48560000	48920000	222	3
415	chr6	49000000	49280000	223	3
416	chr6	49400000	50480000	224	3
417	chr6	50640000	51080000	225	3
418	chr6	51160000	52160000	226	3
419	chr6	52240000	52920000	227	3
420	chr6	53000000	53040000	228	3
421	chr6	53200000	53720000	228	3
422	chr6	53760000	54320000	228	3
423	chr6	54360000	54440000	228	3
424	chr6	54560000	54640000	229	3
425	chr6	54800000	54880000	229	3
426	chr6	55000000	55080000	229	3
427	chr6	55200000	55800000	230	3
428	chr6	56760000	56800000	232	3
429	chr6	58600000	58680000	234	3
430	chr6	58800000	59040000	235	3
431	chr6	59240000	59400000	236	3
432	chr6	60600000	60920000	238	3
433	chr6	60960000	61240000	238	3
434	chr6	61320000	61360000	239	3
435	chr6	61520000	61600000	239	3
436	chr6	61720000	61800000	239	3
437	chr6	62560000	62640000	241	3
438	chr6	63040000	63120000	241	3
439	chr6	63240000	64560000	241	3
440	chr6	64920000	65080000	242	3
441	chr6	65120000	65440000	242	3
442	chr6	65480000	66440000	242	3
443	chr6	66840000	67120000	243	3
444	chr6	67160000	67280000	243	3
445	chr6	67320000	67400000	243	3
446	chr6	70800000	70880000	245	3
447	chr6	71040000	71720000	246	3
448	chr6	71840000	71880000	247	3
449	chr6	71920000	72240000	247	3
450	chr6	72400000	72520000	248	3
451	chr6	72600000	72720000	249	3
452	chr6	72840000	73200000	250	3
453	chr6	73440000	73880000	251	3
454	chr6	76760000	76800000	253	3
455	chr6	76960000	77040000	254	3
456	chr6	80320000	80800000	256	3
457	chr6	81360000	81720000	257	3
458	chr6	81920000	82160000	258	3
459	chr6	82400000	82520000	258	3
460	chr6	82640000	82880000	258	3
461	chr6	83000000	83240000	259	3
462	chr6	83320000	83440000	260	3
463	chr6	83560000	83600000	260	3
464	chr6	83840000	84000000	261	3
465	chr6	84080000	85040000	262	3
466	chr6	85120000	85200000	263	3
467	chr6	85880000	86040000	265	3
468	chr6	86240000	86280000	266	3
469	chr6	86600000	86640000	267	3
470	chr6	86680000	86960000	267	3
471	chr6	87040000	87640000	268	3
472	chr6	87880000	87960000	269	3
473	chr6	88120000	88480000	270	3
474	chr6	88520000	88760000	270	3
475	chr6	89040000	89520000	271	3
476	chr6	90360000	90400000	272	3
477	chr6	90600000	90720000	273	3
478	chr6	91280000	91320000	274	3
479	chr6	91440000	92080000	275	3
480	chr6	92200000	92680000	276	3
481	chr6	92720000	94000000	276	3
482	chr6	94040000	94400000	276	3
483	chr6	94480000	94920000	277	3
484	chr6	95040000	97040000	278	3
485	chr6	97160000	98000000	279	3
486	chr6	98080000	99560000	280	3
487	chr6	99640000	100600000	281	3
488	chr6	100840000	101320000	282	3
489	chr6	101640000	101960000	283	3
490	chr6	102600000	102720000	286	3
491	chr6	103000000	103120000	286	3
492	chr6	103440000	103560000	287	3
493	chr6	104000000	104080000	288	3
494	chr6	105840000	106000000	289	3
495	chr6	106520000	106560000	292	3
496	chr6	106760000	107000000	294	3
497	chr6	107280000	107560000	295	3
498	chr6	108040000	108640000	296	3
499	chr6	109160000	109200000	298	3
500	chr6	110640000	110680000	300	3
501	chr6	110800000	110920000	300	3
502	chr6	111240000	111560000	300	3
503	chr6	111680000	112120000	300	3
504	chr6	112160000	112360000	300	3
505	chr6	112600000	112640000	301	3
506	chr6	112680000	112920000	301	3
507	chr6	113040000	113360000	302	3
508	chr6	113400000	113520000	302	3
509	chr6	113720000	114360000	303	3
510	chr6	114640000	114880000	304	3
511	chr6	115000000	115440000	304	3
512	chr6	115640000	115680000	305	3
513	chr6	116000000	116360000	307	3
514	chr6	117960000	118120000	309	3
515	chr6	118240000	118360000	309	3
516	chr6	118600000	119040000	310	3
517	chr6	119200000	119280000	310	3
518	chr6	119480000	120320000	311	3
519	chr6	120480000	120720000	312	3
520	chr6	120840000	121000000	313	3
521	chr6	121200000	121280000	314	3
522	chr6	122280000	122520000	315	3
523	chr6	122640000	122720000	316	3
524	chr6	124240000	124280000	317	3
525	chr6	125080000	125120000	319	3
526	chr6	125400000	125480000	320	3
527	chr6	125600000	126400000	321	3
528	chr6	126560000	126600000	322	3
529	chr6	126760000	126960000	323	3
530	chr6	127400000	127480000	324	3
531	chr6	127600000	127800000	324	3
532	chr6	127920000	128160000	324	3
533	chr6	128520000	128720000	325	3
534	chr6	129200000	129440000	327	3
535	chr6	131280000	131360000	328	3
536	chr6	133960000	134320000	329	3
537	chr6	134400000	134600000	330	3
538	chr6	134640000	134760000	330	3
539	chr6	134960000	135240000	331	3
540	chr6	135400000	136280000	332	3
541	chr6	136400000	136520000	333	3
542	chr6	136600000	136640000	334	3
543	chr6	137040000	137200000	335	3
544	chr6	138360000	138640000	339	3
545	chr6	139720000	140000000	341	3
546	chr6	140120000	140600000	341	3
547	chr6	140720000	141360000	342	3
548	chr6	141440000	141840000	343	3
549	chr6	141880000	141920000	343	3
550	chr6	142360000	142720000	344	3
551	chr6	142760000	143080000	344	3
552	chr6	143200000	144840000	345	3
553	chr6	145000000	145200000	346	3
554	chr6	145400000	145520000	347	3
555	chr6	145640000	145760000	347	3
556	chr6	145800000	145960000	347	3
557	chr6	146080000	146160000	347	3
558	chr6	146800000	148040000	349	3
559	chr6	148160000	148840000	350	3
560	chr6	148920000	149080000	351	3
561	chr6	149120000	149440000	351	3
