1	chr8	3160000	3360000	-1	1
2	chr8	3400000	3680000	-1	1
3	chr8	4160000	4440000	-1	1
4	chr8	6120000	6160000	-1	1
5	chr8	6360000	6400000	-1	1
6	chr8	7440000	7480000	-1	1
7	chr8	8000000	8120000	-1	1
8	chr8	8400000	9200000	-1	1
9	chr8	9320000	11400000	-1	1
10	chr8	11640000	11720000	-1	1
11	chr8	11760000	13280000	-1	1
12	chr8	13400000	13800000	-1	1
13	chr8	13920000	14880000	-1	1
14	chr8	14920000	15080000	-1	1
15	chr8	15200000	15240000	-1	1
16	chr8	15280000	15360000	-1	1
17	chr8	15560000	15600000	-1	1
18	chr8	15800000	16000000	-1	1
19	chr8	16120000	16200000	-1	1
20	chr8	16600000	16680000	-1	1
21	chr8	16800000	16880000	-1	1
22	chr8	17200000	17480000	-1	1
23	chr8	17520000	18600000	-1	1
24	chr8	18640000	18960000	-1	1
25	chr8	19160000	19320000	-1	1
26	chr8	19640000	19680000	-1	1
27	chr8	22880000	22960000	-1	1
28	chr8	23160000	24280000	-1	1
29	chr8	24320000	25760000	-1	1
30	chr8	26000000	26320000	-1	1
31	chr8	26360000	27280000	-1	1
32	chr8	27320000	28160000	-1	1
33	chr8	28200000	28400000	-1	1
34	chr8	28520000	28560000	-1	1
35	chr8	28680000	30520000	-1	1
36	chr8	30680000	30720000	-1	1
37	chr8	30840000	30880000	-1	1
38	chr8	31360000	31400000	-1	1
39	chr8	31680000	31720000	-1	1
40	chr8	32240000	32280000	-1	1
41	chr8	32400000	34280000	-1	1
42	chr8	34520000	34840000	-1	1
43	chr8	34880000	35080000	-1	1
44	chr8	35240000	36560000	-1	1
45	chr8	36600000	38160000	-1	1
46	chr8	38280000	38320000	-1	1
47	chr8	38440000	38600000	-1	1
48	chr8	38800000	38880000	-1	1
49	chr8	39120000	39160000	-1	1
50	chr8	39400000	39440000	-1	1
51	chr8	39560000	39720000	-1	1
52	chr8	40080000	40120000	-1	1
53	chr8	40320000	40440000	-1	1
54	chr8	40560000	40760000	-1	1
55	chr8	40880000	40920000	-1	1
56	chr8	41080000	41120000	-1	1
57	chr8	41280000	41800000	-1	1
58	chr8	42000000	42520000	-1	1
59	chr8	42640000	42920000	-1	1
60	chr8	43440000	43480000	-1	1
61	chr8	43600000	43640000	-1	1
62	chr8	43760000	43800000	-1	1
63	chr8	44080000	44160000	-1	1
64	chr8	44240000	44360000	-1	1
65	chr8	44400000	44440000	-1	1
66	chr8	44480000	46440000	-1	1
67	chr8	46480000	47240000	-1	1
68	chr8	47280000	48520000	-1	1
69	chr8	48640000	48760000	-1	1
70	chr8	48920000	51240000	-1	1
71	chr8	51400000	51680000	-1	1
72	chr8	51800000	51880000	-1	1
73	chr8	52160000	52240000	-1	1
74	chr8	52400000	52560000	-1	1
75	chr8	52760000	52800000	-1	1
76	chr8	53440000	53640000	-1	1
77	chr8	53760000	53800000	-1	1
78	chr8	54000000	54040000	-1	1
79	chr8	54160000	54200000	-1	1
80	chr8	54600000	55840000	-1	1
81	chr8	56080000	56120000	-1	1
82	chr8	58120000	58160000	-1	1
83	chr8	58440000	59000000	-1	1
84	chr8	59040000	59760000	-1	1
85	chr8	59880000	60320000	-1	1
86	chr8	60480000	60520000	-1	1
87	chr8	60680000	60880000	-1	1
88	chr8	61160000	61200000	-1	1
89	chr8	61360000	61400000	-1	1
90	chr8	61680000	61720000	-1	1
91	chr8	62440000	62520000	-1	1
92	chr8	62640000	62680000	-1	1
93	chr8	62960000	64560000	-1	1
94	chr8	64680000	65280000	-1	1
95	chr8	65440000	65480000	-1	1
96	chr8	65840000	65960000	-1	1
97	chr8	66160000	66200000	-1	1
98	chr8	66440000	67480000	-1	1
99	chr8	67520000	69040000	-1	1
100	chr8	69080000	70440000	-1	1
101	chr8	70480000	71880000	-1	1
102	chr8	72280000	72400000	-1	1
103	chr8	72440000	72560000	-1	1
104	chr8	72760000	73040000	-1	1
105	chr8	73200000	73240000	-1	1
106	chr8	73360000	73440000	-1	1
107	chr8	73840000	73920000	-1	1
108	chr8	74120000	74200000	-1	1
109	chr8	74440000	74680000	-1	1
110	chr8	74800000	74920000	-1	1
111	chr8	75040000	75080000	-1	1
112	chr8	75240000	77560000	-1	1
113	chr8	77600000	77800000	-1	1
114	chr8	77920000	77960000	-1	1
115	chr8	78160000	78200000	-1	1
116	chr8	78560000	78600000	-1	1
117	chr8	79000000	79600000	-1	1
118	chr8	79760000	79800000	-1	1
119	chr8	80080000	82160000	-1	1
120	chr8	82200000	83560000	-1	1
121	chr8	83840000	84440000	-1	1
122	chr8	84720000	84800000	-1	1
123	chr8	85400000	86000000	-1	1
124	chr8	86240000	86520000	-1	1
125	chr8	86800000	87120000	-1	1
126	chr8	87280000	87360000	-1	1
127	chr8	87400000	87480000	-1	1
128	chr8	87520000	87600000	-1	1
129	chr8	87640000	90080000	-1	1
130	chr8	90120000	90760000	-1	1
131	chr8	90800000	93320000	-1	1
132	chr8	93360000	93680000	-1	1
133	chr8	93720000	96800000	-1	1
134	chr8	96840000	97360000	-1	1
135	chr8	97480000	97640000	-1	1
136	chr8	97880000	98440000	-1	1
137	chr8	98480000	103320000	-1	1
138	chr8	103440000	103480000	-1	1
139	chr8	103840000	103880000	-1	1
140	chr8	104080000	104200000	-1	1
141	chr8	104480000	104600000	-1	1
142	chr8	105000000	106600000	-1	1
143	chr8	106720000	107120000	-1	1
144	chr8	107600000	107760000	-1	1
145	chr8	107880000	108640000	-1	1
146	chr8	108680000	109560000	-1	1
147	chr8	109600000	110120000	-1	1
148	chr8	110160000	112080000	-1	1
149	chr8	112120000	113240000	-1	1
150	chr8	113280000	113560000	-1	1
151	chr8	113680000	113760000	-1	1
152	chr8	113880000	114560000	-1	1
153	chr8	114600000	119480000	-1	1
154	chr8	119680000	119920000	-1	1
155	chr8	120160000	121840000	-1	1
156	chr8	121960000	122160000	-1	1
157	chr8	122280000	122680000	-1	1
158	chr8	122920000	123000000	-1	1
159	chr8	123120000	123360000	-1	1
160	chr8	123760000	124080000	-1	1
161	chr8	124240000	124360000	-1	1
162	chr8	124520000	124680000	-1	1
163	chr8	124880000	125000000	-1	1
164	chr8	125120000	125680000	-1	1
165	chr8	125800000	126080000	-1	1
166	chr8	126200000	126560000	-1	1
167	chr8	126600000	126920000	-1	1
168	chr8	126960000	127080000	-1	1
169	chr8	127280000	127360000	-1	1
170	chr8	127400000	127520000	-1	1
171	chr8	127640000	128480000	-1	1
172	chr8	128800000	129480000	-1	1
173	chr8	129600000	131240000	-1	1
174	chr8	131360000	131400000	-1	1
175	chr8	3160000	3320000	1	2
176	chr8	3400000	3640000	2	2
177	chr8	4160000	4400000	3	2
178	chr8	8000000	8080000	7	2
179	chr8	8400000	9160000	8	2
180	chr8	9320000	10000000	9	2
181	chr8	10040000	10240000	9	2
182	chr8	10400000	11240000	9	2
183	chr8	11280000	11360000	9	2
184	chr8	11640000	11680000	10	2
185	chr8	11760000	11840000	11	2
186	chr8	12000000	12880000	11	2
187	chr8	12920000	13240000	11	2
188	chr8	13400000	13760000	12	2
189	chr8	13920000	14120000	13	2
190	chr8	14160000	14760000	13	2
191	chr8	14960000	15040000	14	2
192	chr8	15280000	15320000	16	2
193	chr8	15800000	15960000	18	2
194	chr8	16800000	16840000	21	2
195	chr8	17200000	17440000	22	2
196	chr8	17520000	18560000	23	2
197	chr8	18640000	18920000	24	2
198	chr8	19160000	19280000	25	2
199	chr8	22880000	22920000	27	2
200	chr8	23160000	23280000	28	2
201	chr8	23320000	23760000	28	2
202	chr8	23800000	24240000	28	2
203	chr8	24320000	25720000	29	2
204	chr8	26000000	26280000	30	2
205	chr8	26360000	26840000	31	2
206	chr8	26880000	27240000	31	2
207	chr8	27360000	28120000	32	2
208	chr8	28200000	28360000	33	2
209	chr8	28680000	28720000	35	2
210	chr8	28760000	30360000	35	2
211	chr8	32400000	34240000	41	2
212	chr8	34520000	34800000	42	2
213	chr8	34880000	35040000	43	2
214	chr8	35240000	35920000	44	2
215	chr8	35960000	36280000	44	2
216	chr8	36600000	36760000	45	2
217	chr8	36800000	38120000	45	2
218	chr8	38440000	38560000	47	2
219	chr8	38800000	38840000	48	2
220	chr8	39560000	39680000	51	2
221	chr8	40320000	40400000	53	2
222	chr8	40560000	40600000	54	2
223	chr8	41280000	41560000	57	2
224	chr8	41600000	41760000	57	2
225	chr8	42000000	42040000	58	2
226	chr8	42080000	42480000	58	2
227	chr8	42640000	42800000	59	2
228	chr8	44080000	44120000	63	2
229	chr8	44480000	45200000	66	2
230	chr8	45320000	46400000	66	2
231	chr8	46480000	47080000	67	2
232	chr8	47120000	47200000	67	2
233	chr8	47280000	47400000	68	2
234	chr8	47600000	47640000	68	2
235	chr8	47800000	48040000	68	2
236	chr8	48080000	48480000	68	2
237	chr8	48920000	49120000	70	2
238	chr8	49160000	50920000	70	2
239	chr8	51040000	51120000	70	2
240	chr8	51400000	51640000	71	2
241	chr8	51800000	51840000	72	2
242	chr8	52160000	52200000	73	2
243	chr8	52400000	52520000	74	2
244	chr8	53440000	53600000	76	2
245	chr8	54600000	54760000	80	2
246	chr8	54800000	55520000	80	2
247	chr8	55640000	55800000	80	2
248	chr8	58560000	58960000	83	2
249	chr8	59040000	59280000	84	2
250	chr8	59400000	59480000	84	2
251	chr8	59640000	59720000	84	2
252	chr8	59880000	60280000	85	2
253	chr8	60680000	60840000	87	2
254	chr8	62440000	62480000	91	2
255	chr8	62960000	63480000	93	2
256	chr8	63520000	64000000	93	2
257	chr8	64040000	64520000	93	2
258	chr8	64680000	65240000	94	2
259	chr8	65880000	65920000	96	2
260	chr8	66440000	67080000	98	2
261	chr8	67120000	67440000	98	2
262	chr8	67560000	67640000	99	2
263	chr8	67680000	69000000	99	2
264	chr8	69240000	69600000	100	2
265	chr8	69760000	69920000	100	2
266	chr8	69960000	70400000	100	2
267	chr8	70480000	71280000	101	2
268	chr8	71320000	71600000	101	2
269	chr8	71640000	71840000	101	2
270	chr8	72280000	72360000	102	2
271	chr8	72440000	72520000	103	2
272	chr8	72760000	72920000	104	2
273	chr8	73840000	73880000	107	2
274	chr8	74120000	74160000	108	2
275	chr8	74440000	74520000	109	2
276	chr8	74800000	74880000	110	2
277	chr8	75240000	75360000	112	2
278	chr8	75480000	75880000	112	2
279	chr8	76120000	76160000	112	2
280	chr8	76400000	76480000	112	2
281	chr8	76840000	77440000	112	2
282	chr8	77600000	77760000	113	2
283	chr8	79000000	79560000	117	2
284	chr8	80080000	80120000	119	2
285	chr8	80160000	80360000	119	2
286	chr8	80480000	80520000	119	2
287	chr8	80560000	81280000	119	2
288	chr8	81320000	82120000	119	2
289	chr8	82200000	82240000	120	2
290	chr8	82280000	83240000	120	2
291	chr8	83280000	83520000	120	2
292	chr8	83840000	84400000	121	2
293	chr8	84720000	84760000	122	2
294	chr8	85400000	85960000	123	2
295	chr8	86280000	86480000	124	2
296	chr8	86800000	87080000	125	2
297	chr8	87280000	87320000	126	2
298	chr8	87400000	87440000	127	2
299	chr8	87520000	87560000	128	2
300	chr8	87640000	87960000	129	2
301	chr8	88000000	88080000	129	2
302	chr8	88120000	89120000	129	2
303	chr8	89240000	89280000	129	2
304	chr8	89400000	89440000	129	2
305	chr8	89600000	90040000	129	2
306	chr8	90120000	90720000	130	2
307	chr8	90800000	91280000	131	2
308	chr8	91320000	92360000	131	2
309	chr8	92400000	93280000	131	2
310	chr8	93360000	93640000	132	2
311	chr8	93720000	95320000	133	2
312	chr8	95360000	95520000	133	2
313	chr8	95560000	96000000	133	2
314	chr8	96120000	96440000	133	2
315	chr8	96560000	96760000	133	2
316	chr8	96840000	97320000	134	2
317	chr8	97480000	97520000	135	2
318	chr8	97880000	97960000	136	2
319	chr8	98120000	98400000	136	2
320	chr8	98480000	98560000	137	2
321	chr8	98760000	99040000	137	2
322	chr8	99240000	99320000	137	2
323	chr8	99560000	100160000	137	2
324	chr8	100840000	100880000	137	2
325	chr8	101200000	101320000	137	2
326	chr8	101440000	101480000	137	2
327	chr8	101680000	101760000	137	2
328	chr8	101880000	101920000	137	2
329	chr8	102040000	102160000	137	2
330	chr8	102520000	102880000	137	2
331	chr8	104080000	104160000	140	2
332	chr8	105000000	106560000	142	2
333	chr8	106720000	106760000	143	2
334	chr8	106920000	107080000	143	2
335	chr8	107600000	107720000	144	2
336	chr8	107880000	108080000	145	2
337	chr8	108120000	108600000	145	2
338	chr8	108680000	108920000	146	2
339	chr8	108960000	109200000	146	2
340	chr8	109240000	109520000	146	2
341	chr8	109600000	109960000	147	2
342	chr8	110160000	112040000	148	2
343	chr8	112120000	112480000	149	2
344	chr8	112520000	113200000	149	2
345	chr8	113280000	113440000	150	2
346	chr8	113680000	113720000	151	2
347	chr8	113880000	114200000	152	2
348	chr8	114240000	114360000	152	2
349	chr8	114480000	114520000	152	2
350	chr8	114600000	116160000	153	2
351	chr8	116200000	116600000	153	2
352	chr8	116920000	116960000	153	2
353	chr8	117000000	119040000	153	2
354	chr8	119080000	119120000	153	2
355	chr8	119240000	119280000	153	2
356	chr8	119680000	119880000	154	2
357	chr8	120160000	121800000	155	2
358	chr8	122040000	122120000	156	2
359	chr8	122280000	122640000	157	2
360	chr8	123120000	123160000	159	2
361	chr8	123200000	123320000	159	2
362	chr8	124000000	124040000	160	2
363	chr8	124280000	124320000	161	2
364	chr8	124520000	124640000	162	2
365	chr8	124880000	124960000	163	2
366	chr8	125160000	125400000	164	2
367	chr8	125440000	125640000	164	2
368	chr8	125800000	125840000	165	2
369	chr8	125880000	126040000	165	2
370	chr8	126200000	126520000	166	2
371	chr8	126600000	126880000	167	2
372	chr8	126960000	127040000	168	2
373	chr8	127280000	127320000	169	2
374	chr8	127400000	127480000	170	2
375	chr8	127680000	128440000	171	2
376	chr8	128800000	128960000	172	2
377	chr8	129080000	129440000	172	2
378	chr8	129600000	131200000	173	2
