1	chr11	3040000	3120000	-1	1
2	chr11	3160000	3200000	-1	1
3	chr11	3240000	3840000	-1	1
4	chr11	3880000	4040000	-1	1
5	chr11	4080000	4960000	-1	1
6	chr11	5000000	5840000	-1	1
7	chr11	5880000	6240000	-1	1
8	chr11	6280000	6520000	-1	1
9	chr11	6560000	7080000	-1	1
10	chr11	7120000	8320000	-1	1
11	chr11	8360000	8840000	-1	1
12	chr11	8880000	9080000	-1	1
13	chr11	9120000	11200000	-1	1
14	chr11	11400000	11720000	-1	1
15	chr11	11760000	11880000	-1	1
16	chr11	12240000	12480000	-1	1
17	chr11	12520000	13440000	-1	1
18	chr11	16360000	16400000	-1	1
19	chr11	16440000	16880000	-1	1
20	chr11	17200000	19720000	-1	1
21	chr11	19760000	20000000	-1	1
22	chr11	20040000	20160000	-1	1
23	chr11	20200000	20640000	-1	1
24	chr11	20680000	21400000	-1	1
25	chr11	21440000	21480000	-1	1
26	chr11	21520000	21920000	-1	1
27	chr11	22160000	22520000	-1	1
28	chr11	22560000	22880000	-1	1
29	chr11	22920000	23520000	-1	1
30	chr11	23560000	23880000	-1	1
31	chr11	23920000	26960000	-1	1
32	chr11	27000000	29040000	-1	1
33	chr11	29080000	29120000	-1	1
34	chr11	29160000	29440000	-1	1
35	chr11	29480000	29640000	-1	1
36	chr11	29680000	31560000	-1	1
37	chr11	31600000	32040000	-1	1
38	chr11	32080000	32240000	-1	1
39	chr11	32280000	32520000	-1	1
40	chr11	32560000	33040000	-1	1
41	chr11	33080000	33640000	-1	1
42	chr11	34680000	35560000	-1	1
43	chr11	35600000	35840000	-1	1
44	chr11	40360000	40480000	-1	1
45	chr11	40520000	40600000	-1	1
46	chr11	43280000	43560000	-1	1
47	chr11	45800000	46080000	-1	1
48	chr11	48640000	48680000	-1	1
49	chr11	48960000	49440000	-1	1
50	chr11	49480000	49680000	-1	1
51	chr11	49800000	50000000	-1	1
52	chr11	50040000	50240000	-1	1
53	chr11	50280000	51400000	-1	1
54	chr11	51440000	51600000	-1	1
55	chr11	51640000	52200000	-1	1
56	chr11	52240000	53080000	-1	1
57	chr11	53120000	53240000	-1	1
58	chr11	53280000	53720000	-1	1
59	chr11	53760000	54440000	-1	1
60	chr11	54480000	54840000	-1	1
61	chr11	54880000	55280000	-1	1
62	chr11	55320000	55960000	-1	1
63	chr11	57640000	57760000	-1	1
64	chr11	57800000	58000000	-1	1
65	chr11	58040000	58080000	-1	1
66	chr11	59080000	59320000	-1	1
67	chr11	59360000	59640000	-1	1
68	chr11	59680000	60400000	-1	1
69	chr11	60560000	60720000	-1	1
70	chr11	60760000	60920000	-1	1
71	chr11	60960000	61680000	-1	1
72	chr11	61720000	62120000	-1	1
73	chr11	62160000	62400000	-1	1
74	chr11	62440000	62520000	-1	1
75	chr11	62560000	63000000	-1	1
76	chr11	63040000	64800000	-1	1
77	chr11	66440000	66720000	-1	1
78	chr11	66760000	66840000	-1	1
79	chr11	66880000	66920000	-1	1
80	chr11	66960000	67200000	-1	1
81	chr11	67800000	68680000	-1	1
82	chr11	68720000	68840000	-1	1
83	chr11	68880000	68960000	-1	1
84	chr11	69000000	69360000	-1	1
85	chr11	69400000	69760000	-1	1
86	chr11	69800000	69840000	-1	1
87	chr11	69880000	70040000	-1	1
88	chr11	70080000	70200000	-1	1
89	chr11	70240000	70640000	-1	1
90	chr11	70680000	70840000	-1	1
91	chr11	70880000	70920000	-1	1
92	chr11	71200000	71920000	-1	1
93	chr11	71960000	72000000	-1	1
94	chr11	72040000	72960000	-1	1
95	chr11	73000000	74320000	-1	1
96	chr11	74440000	74720000	-1	1
97	chr11	74760000	75280000	-1	1
98	chr11	75320000	75520000	-1	1
99	chr11	75560000	76040000	-1	1
100	chr11	76080000	76240000	-1	1
101	chr11	76280000	76480000	-1	1
102	chr11	76520000	77280000	-1	1
103	chr11	77320000	77480000	-1	1
104	chr11	77520000	77800000	-1	1
105	chr11	77840000	78000000	-1	1
106	chr11	78040000	78160000	-1	1
107	chr11	78200000	78320000	-1	1
108	chr11	78360000	79760000	-1	1
109	chr11	79800000	79840000	-1	1
110	chr11	79880000	80240000	-1	1
111	chr11	80280000	80720000	-1	1
112	chr11	82560000	82720000	-1	1
113	chr11	82880000	83080000	-1	1
114	chr11	83120000	83240000	-1	1
115	chr11	83280000	83320000	-1	1
116	chr11	83360000	83480000	-1	1
117	chr11	83600000	83880000	-1	1
118	chr11	83920000	84640000	-1	1
119	chr11	84680000	84720000	-1	1
120	chr11	84760000	85160000	-1	1
121	chr11	85200000	86280000	-1	1
122	chr11	86320000	86920000	-1	1
123	chr11	86960000	87240000	-1	1
124	chr11	87280000	87400000	-1	1
125	chr11	87440000	87760000	-1	1
126	chr11	87800000	88040000	-1	1
127	chr11	88080000	88720000	-1	1
128	chr11	88760000	88920000	-1	1
129	chr11	88960000	89160000	-1	1
130	chr11	93760000	93840000	-1	1
131	chr11	93880000	94200000	-1	1
132	chr11	94240000	94280000	-1	1
133	chr11	94480000	94520000	-1	1
134	chr11	94560000	94840000	-1	1
135	chr11	94880000	95160000	-1	1
136	chr11	95200000	95520000	-1	1
137	chr11	95560000	95960000	-1	1
138	chr11	96000000	96120000	-1	1
139	chr11	96160000	96760000	-1	1
140	chr11	96800000	97040000	-1	1
141	chr11	97080000	97200000	-1	1
142	chr11	97240000	97480000	-1	1
143	chr11	97520000	97640000	-1	1
144	chr11	97680000	97880000	-1	1
145	chr11	97920000	98080000	-1	1
146	chr11	98120000	98560000	-1	1
147	chr11	98600000	98880000	-1	1
148	chr11	98920000	99040000	-1	1
149	chr11	99080000	100200000	-1	1
150	chr11	100240000	100600000	-1	1
151	chr11	100640000	101160000	-1	1
152	chr11	101200000	101440000	-1	1
153	chr11	101480000	101520000	-1	1
154	chr11	101560000	101600000	-1	1
155	chr11	101640000	101920000	-1	1
156	chr11	101960000	102120000	-1	1
157	chr11	102160000	102320000	-1	1
158	chr11	102360000	102560000	-1	1
159	chr11	102600000	102960000	-1	1
160	chr11	103000000	103040000	-1	1
161	chr11	103080000	103200000	-1	1
162	chr11	103240000	103320000	-1	1
163	chr11	103360000	104120000	-1	1
164	chr11	104160000	104320000	-1	1
165	chr11	104360000	104400000	-1	1
166	chr11	104440000	105000000	-1	1
167	chr11	105040000	105080000	-1	1
168	chr11	105120000	105800000	-1	1
169	chr11	105840000	106120000	-1	1
170	chr11	106160000	106640000	-1	1
171	chr11	106680000	106880000	-1	1
172	chr11	106920000	107040000	-1	1
173	chr11	107080000	107360000	-1	1
174	chr11	107400000	107560000	-1	1
175	chr11	107760000	107800000	-1	1
176	chr11	109160000	109280000	-1	1
177	chr11	109760000	110200000	-1	1
178	chr11	113560000	113680000	-1	1
179	chr11	114640000	114800000	-1	1
180	chr11	114920000	115080000	-1	1
181	chr11	115200000	115400000	-1	1
182	chr11	115440000	115640000	-1	1
183	chr11	115800000	115880000	-1	1
184	chr11	115920000	116480000	-1	1
185	chr11	116520000	116720000	-1	1
186	chr11	116760000	116920000	-1	1
187	chr11	116960000	117240000	-1	1
188	chr11	117280000	117680000	-1	1
189	chr11	117720000	118160000	-1	1
190	chr11	118200000	118240000	-1	1
191	chr11	118800000	118880000	-1	1
192	chr11	119080000	119120000	-1	1
193	chr11	119160000	119800000	-1	1
194	chr11	119840000	120120000	-1	1
195	chr11	120240000	120440000	-1	1
196	chr11	120480000	120680000	-1	1
197	chr11	120720000	121080000	-1	1
198	chr11	121120000	121240000	-1	1
199	chr11	121280000	121720000	-1	1
200	chr11	121760000	121800000	-1	1
201	chr11	23920000	26920000	31	2
