1	chr1	3000000	4320000	-1	1
2	chr1	4360000	6160000	-1	1
3	chr1	6200000	9520000	-1	1
4	chr1	9560000	13640000	-1	1
5	chr1	13680000	18120000	-1	1
6	chr1	18160000	18200000	-1	1
7	chr1	18320000	19000000	-1	1
8	chr1	19120000	20520000	-1	1
9	chr1	20560000	22560000	-1	1
10	chr1	22600000	22640000	-1	1
11	chr1	23680000	24240000	-1	1
12	chr1	24280000	25640000	-1	1
13	chr1	30400000	30640000	-1	1
14	chr1	30680000	33640000	-1	1
15	chr1	33680000	34480000	-1	1
16	chr1	34520000	36320000	-1	1
17	chr1	36360000	38160000	-1	1
18	chr1	38200000	38840000	-1	1
19	chr1	38880000	39600000	-1	1
20	chr1	39640000	40080000	-1	1
21	chr1	40920000	42840000	-1	1
22	chr1	43200000	43280000	-1	1
23	chr1	43760000	44160000	-1	1
24	chr1	44200000	45800000	-1	1
25	chr1	45840000	51640000	-1	1
26	chr1	51680000	52160000	-1	1
27	chr1	52200000	55200000	-1	1
28	chr1	55240000	57400000	-1	1
29	chr1	57440000	58400000	-1	1
30	chr1	58440000	59720000	-1	1
31	chr1	59760000	63160000	-1	1
32	chr1	63200000	63320000	-1	1
33	chr1	63360000	65240000	-1	1
34	chr1	65280000	65320000	-1	1
35	chr1	65360000	65480000	-1	1
36	chr1	66720000	66800000	-1	1
37	chr1	69800000	72240000	-1	1
38	chr1	72280000	74200000	-1	1
39	chr1	74240000	75560000	-1	1
40	chr1	75600000	78440000	-1	1
41	chr1	78480000	78680000	-1	1
42	chr1	80120000	80480000	-1	1
43	chr1	80520000	80560000	-1	1
44	chr1	82520000	84920000	-1	1
45	chr1	85160000	85240000	-1	1
46	chr1	87480000	88200000	-1	1
47	chr1	88240000	88400000	-1	1
48	chr1	88440000	94760000	-1	1
49	chr1	94800000	95680000	-1	1
50	chr1	95880000	95960000	-1	1
51	chr1	96000000	96680000	-1	1
52	chr1	98760000	98880000	-1	1
53	chr1	99400000	99560000	-1	1
54	chr1	99680000	100040000	-1	1
55	chr1	100080000	100120000	-1	1
56	chr1	104240000	104280000	-1	1
57	chr1	106840000	107560000	-1	1
58	chr1	107600000	108280000	-1	1
59	chr1	108320000	108760000	-1	1
60	chr1	108800000	108880000	-1	1
61	chr1	119400000	120160000	-1	1
62	chr1	120200000	122440000	-1	1
63	chr1	122480000	123280000	-1	1
64	chr1	124360000	124720000	-1	1
65	chr1	126720000	127240000	-1	1
66	chr1	127280000	127520000	-1	1
67	chr1	129400000	129480000	-1	1
68	chr1	129600000	130720000	-1	1
69	chr1	130760000	132280000	-1	1
70	chr1	132320000	133760000	-1	1
71	chr1	133800000	134880000	-1	1
72	chr1	134920000	137000000	-1	1
73	chr1	137040000	137680000	-1	1
74	chr1	137720000	138320000	-1	1
75	chr1	138360000	139080000	-1	1
76	chr1	139120000	139920000	-1	1
77	chr1	139960000	141240000	-1	1
78	chr1	141280000	142560000	-1	1
79	chr1	142600000	143440000	-1	1
80	chr1	145160000	145400000	-1	1
81	chr1	145440000	145600000	-1	1
82	chr1	145640000	146200000	-1	1
83	chr1	148160000	148320000	-1	1
84	chr1	151640000	152160000	-1	1
85	chr1	152200000	197160000	-1	1
86	chr1	14920000	18000000	5	2
87	chr1	18040000	18080000	5	2
88	chr1	50360000	50400000	25	2
89	chr1	50720000	50760000	25	2
90	chr1	50920000	50960000	25	2
91	chr1	51000000	51400000	25	2
92	chr1	51440000	51600000	25	2
93	chr1	88440000	92720000	48	2
94	chr1	93120000	93160000	48	2
95	chr1	93280000	93320000	48	2
96	chr1	93360000	93400000	48	2
97	chr1	93440000	93760000	48	2
98	chr1	93880000	93920000	48	2
99	chr1	93960000	94320000	48	2
100	chr1	94360000	94520000	48	2
101	chr1	94560000	94600000	48	2
102	chr1	152880000	156560000	85	2
103	chr1	156600000	156800000	85	2
104	chr1	156840000	157080000	85	2
105	chr1	157120000	157360000	85	2
106	chr1	157400000	157560000	85	2
107	chr1	157600000	157760000	85	2
108	chr1	157800000	157960000	85	2
109	chr1	158120000	158280000	85	2
110	chr1	158320000	158440000	85	2
111	chr1	158480000	158520000	85	2
112	chr1	158560000	158600000	85	2
113	chr1	158640000	158800000	85	2
114	chr1	158840000	159000000	85	2
115	chr1	159040000	159080000	85	2
116	chr1	159120000	159160000	85	2
117	chr1	159200000	159400000	85	2
118	chr1	159520000	159560000	85	2
119	chr1	159600000	160080000	85	2
120	chr1	160280000	160320000	85	2
121	chr1	160920000	161000000	85	2
122	chr1	161160000	162080000	85	2
123	chr1	162160000	162240000	85	2
124	chr1	162280000	162320000	85	2
125	chr1	162360000	162400000	85	2
126	chr1	162440000	162480000	85	2
127	chr1	162520000	162600000	85	2
128	chr1	162640000	162840000	85	2
129	chr1	162880000	162920000	85	2
130	chr1	162960000	163080000	85	2
131	chr1	163120000	163320000	85	2
132	chr1	163360000	163600000	85	2
133	chr1	163720000	163760000	85	2
134	chr1	163800000	163880000	85	2
135	chr1	163920000	164240000	85	2
136	chr1	164400000	164800000	85	2
137	chr1	164840000	164960000	85	2
138	chr1	165000000	165800000	85	2
139	chr1	165840000	165880000	85	2
140	chr1	165920000	166200000	85	2
141	chr1	166240000	166960000	85	2
142	chr1	167000000	167200000	85	2
143	chr1	167240000	167640000	85	2
144	chr1	167680000	167800000	85	2
145	chr1	167840000	167880000	85	2
146	chr1	167920000	168040000	85	2
147	chr1	168080000	168120000	85	2
148	chr1	168160000	168200000	85	2
149	chr1	168240000	168280000	85	2
150	chr1	168320000	168360000	85	2
151	chr1	168400000	168640000	85	2
152	chr1	168680000	169120000	85	2
153	chr1	169160000	169200000	85	2
154	chr1	169240000	169280000	85	2
155	chr1	169320000	169560000	85	2
156	chr1	169600000	169800000	85	2
157	chr1	169840000	169880000	85	2
158	chr1	169920000	170040000	85	2
159	chr1	171160000	171200000	85	2
160	chr1	172560000	172760000	85	2
161	chr1	172800000	172920000	85	2
162	chr1	172960000	173000000	85	2
163	chr1	173040000	173080000	85	2
164	chr1	173120000	173160000	85	2
165	chr1	173200000	173240000	85	2
166	chr1	173280000	173400000	85	2
167	chr1	173440000	173480000	85	2
168	chr1	173520000	173600000	85	2
169	chr1	173640000	173920000	85	2
170	chr1	173960000	174520000	85	2
171	chr1	174560000	174680000	85	2
172	chr1	175360000	176000000	85	2
173	chr1	176280000	176360000	85	2
174	chr1	176400000	176440000	85	2
175	chr1	176960000	179680000	85	2
176	chr1	179720000	182840000	85	2
177	chr1	182880000	183040000	85	2
178	chr1	183080000	183120000	85	2
179	chr1	183160000	183480000	85	2
180	chr1	183520000	183560000	85	2
181	chr1	183600000	184480000	85	2
182	chr1	185640000	185680000	85	2
183	chr1	186000000	186040000	85	2
184	chr1	186080000	186120000	85	2
185	chr1	186240000	186560000	85	2
186	chr1	186600000	186640000	85	2
187	chr1	186680000	187000000	85	2
188	chr1	187040000	187080000	85	2
189	chr1	187120000	187160000	85	2
190	chr1	187200000	187240000	85	2
191	chr1	187680000	187720000	85	2
192	chr1	187880000	187960000	85	2
193	chr1	188200000	188240000	85	2
194	chr1	188280000	188320000	85	2
195	chr1	188360000	188520000	85	2
196	chr1	188560000	188600000	85	2
197	chr1	188640000	188760000	85	2
198	chr1	188960000	189000000	85	2
199	chr1	189040000	189120000	85	2
200	chr1	189160000	189200000	85	2
201	chr1	189520000	189560000	85	2
202	chr1	190200000	190320000	85	2
203	chr1	190360000	190400000	85	2
204	chr1	190800000	191040000	85	2
205	chr1	191080000	191120000	85	2
206	chr1	191480000	191680000	85	2
207	chr1	192600000	193080000	85	2
208	chr1	193120000	193640000	85	2
209	chr1	193680000	195000000	85	2
210	chr1	195040000	195120000	85	2
211	chr1	195320000	195360000	85	2
212	chr1	195400000	195480000	85	2
213	chr1	195520000	196040000	85	2
214	chr1	196320000	196360000	85	2
215	chr1	196520000	196560000	85	2
216	chr1	196600000	196640000	85	2
217	chr1	196680000	196800000	85	2
218	chr1	196840000	197120000	85	2
