1	chr3	3080000	3280000	-1	1
2	chr3	3320000	6320000	-1	1
3	chr3	6360000	7040000	-1	1
4	chr3	7080000	7320000	-1	1
5	chr3	7360000	8560000	-1	1
6	chr3	8600000	9360000	-1	1
7	chr3	9400000	9720000	-1	1
8	chr3	9760000	10360000	-1	1
9	chr3	10400000	11640000	-1	1
10	chr3	13920000	14560000	-1	1
11	chr3	14600000	14680000	-1	1
12	chr3	14880000	15240000	-1	1
13	chr3	15280000	16000000	-1	1
14	chr3	16040000	16080000	-1	1
15	chr3	16120000	16160000	-1	1
16	chr3	16200000	17800000	-1	1
17	chr3	17920000	19040000	-1	1
18	chr3	19080000	19120000	-1	1
19	chr3	19160000	19400000	-1	1
20	chr3	19440000	19800000	-1	1
21	chr3	19840000	20160000	-1	1
22	chr3	20200000	20240000	-1	1
23	chr3	20400000	20440000	-1	1
24	chr3	21080000	22200000	-1	1
25	chr3	22240000	25560000	-1	1
26	chr3	26320000	26880000	-1	1
27	chr3	26920000	27160000	-1	1
28	chr3	27200000	28720000	-1	1
29	chr3	28760000	28800000	-1	1
30	chr3	28960000	29640000	-1	1
31	chr3	29680000	30440000	-1	1
32	chr3	30480000	30880000	-1	1
33	chr3	30920000	31040000	-1	1
34	chr3	31080000	31560000	-1	1
35	chr3	31720000	32240000	-1	1
36	chr3	32280000	32600000	-1	1
37	chr3	32640000	32760000	-1	1
38	chr3	32800000	32840000	-1	1
39	chr3	32880000	33680000	-1	1
40	chr3	33720000	33840000	-1	1
41	chr3	33880000	34000000	-1	1
42	chr3	34040000	35520000	-1	1
43	chr3	35560000	36040000	-1	1
44	chr3	36080000	36440000	-1	1
45	chr3	36560000	37200000	-1	1
46	chr3	37360000	37520000	-1	1
47	chr3	37560000	37640000	-1	1
48	chr3	40320000	40400000	-1	1
49	chr3	40440000	40640000	-1	1
50	chr3	40680000	40760000	-1	1
51	chr3	40800000	41440000	-1	1
52	chr3	41480000	41560000	-1	1
53	chr3	41600000	41640000	-1	1
54	chr3	41680000	41880000	-1	1
55	chr3	44880000	45160000	-1	1
56	chr3	46480000	46840000	-1	1
57	chr3	46880000	46920000	-1	1
58	chr3	50080000	51000000	-1	1
59	chr3	51040000	51160000	-1	1
60	chr3	51200000	51280000	-1	1
61	chr3	51320000	51480000	-1	1
62	chr3	51520000	52040000	-1	1
63	chr3	52080000	52800000	-1	1
64	chr3	52840000	53320000	-1	1
65	chr3	53360000	54080000	-1	1
66	chr3	54160000	54480000	-1	1
67	chr3	54520000	54560000	-1	1
68	chr3	54600000	54880000	-1	1
69	chr3	54920000	54960000	-1	1
70	chr3	55000000	57240000	-1	1
71	chr3	57280000	57440000	-1	1
72	chr3	57480000	57640000	-1	1
73	chr3	57680000	57960000	-1	1
74	chr3	58000000	58320000	-1	1
75	chr3	58360000	58400000	-1	1
76	chr3	58440000	58880000	-1	1
77	chr3	58920000	59600000	-1	1
78	chr3	60640000	61000000	-1	1
79	chr3	61040000	62000000	-1	1
80	chr3	62040000	62320000	-1	1
81	chr3	62360000	62680000	-1	1
82	chr3	62760000	62960000	-1	1
83	chr3	63000000	63200000	-1	1
84	chr3	63240000	63280000	-1	1
85	chr3	63320000	63760000	-1	1
86	chr3	63800000	64400000	-1	1
87	chr3	64520000	64600000	-1	1
88	chr3	64680000	64720000	-1	1
89	chr3	64760000	64800000	-1	1
90	chr3	64960000	65160000	-1	1
91	chr3	65200000	65800000	-1	1
92	chr3	65840000	66080000	-1	1
93	chr3	66120000	67200000	-1	1
94	chr3	67240000	67400000	-1	1
95	chr3	67440000	67840000	-1	1
96	chr3	67880000	68520000	-1	1
97	chr3	68560000	68760000	-1	1
98	chr3	68800000	68840000	-1	1
99	chr3	68880000	68920000	-1	1
100	chr3	68960000	69720000	-1	1
101	chr3	75320000	75680000	-1	1
102	chr3	75880000	75920000	-1	1
103	chr3	78640000	78720000	-1	1
104	chr3	78760000	79440000	-1	1
105	chr3	79480000	79640000	-1	1
106	chr3	79680000	79880000	-1	1
107	chr3	79920000	79960000	-1	1
108	chr3	80720000	80760000	-1	1
109	chr3	80800000	81200000	-1	1
110	chr3	82160000	82200000	-1	1
111	chr3	83120000	83560000	-1	1
112	chr3	83600000	84120000	-1	1
113	chr3	84160000	84720000	-1	1
114	chr3	84760000	85960000	-1	1
115	chr3	86000000	86600000	-1	1
116	chr3	86640000	86800000	-1	1
117	chr3	86840000	87560000	-1	1
118	chr3	87600000	87680000	-1	1
119	chr3	87720000	87760000	-1	1
120	chr3	87800000	88080000	-1	1
121	chr3	88120000	88200000	-1	1
122	chr3	88240000	88280000	-1	1
123	chr3	88320000	88600000	-1	1
124	chr3	88640000	88880000	-1	1
125	chr3	88920000	89120000	-1	1
126	chr3	89160000	89720000	-1	1
127	chr3	89760000	90000000	-1	1
128	chr3	90040000	90280000	-1	1
129	chr3	90320000	90520000	-1	1
130	chr3	90560000	90720000	-1	1
131	chr3	91000000	91040000	-1	1
132	chr3	91160000	91920000	-1	1
133	chr3	92920000	93320000	-1	1
134	chr3	93360000	93440000	-1	1
135	chr3	93480000	93680000	-1	1
136	chr3	93920000	93960000	-1	1
137	chr3	94000000	94120000	-1	1
138	chr3	94160000	94680000	-1	1
139	chr3	94720000	94840000	-1	1
140	chr3	94880000	95080000	-1	1
141	chr3	95120000	95280000	-1	1
142	chr3	95320000	95640000	-1	1
143	chr3	95680000	96080000	-1	1
144	chr3	96120000	96280000	-1	1
145	chr3	96320000	96560000	-1	1
146	chr3	96600000	97440000	-1	1
147	chr3	97480000	97720000	-1	1
148	chr3	97760000	98040000	-1	1
149	chr3	98080000	98120000	-1	1
150	chr3	98400000	98440000	-1	1
151	chr3	98480000	98520000	-1	1
152	chr3	98680000	99920000	-1	1
153	chr3	99960000	100720000	-1	1
154	chr3	100760000	101120000	-1	1
155	chr3	101160000	101280000	-1	1
156	chr3	101320000	101640000	-1	1
157	chr3	101680000	102800000	-1	1
158	chr3	102840000	103000000	-1	1
159	chr3	103040000	103200000	-1	1
160	chr3	103240000	103920000	-1	1
161	chr3	103960000	104280000	-1	1
162	chr3	104320000	104520000	-1	1
163	chr3	104560000	104880000	-1	1
164	chr3	105480000	105760000	-1	1
165	chr3	105800000	106280000	-1	1
166	chr3	106320000	106360000	-1	1
167	chr3	106400000	106480000	-1	1
168	chr3	106720000	107000000	-1	1
169	chr3	107040000	107400000	-1	1
170	chr3	107440000	107960000	-1	1
171	chr3	108000000	108480000	-1	1
172	chr3	108520000	108720000	-1	1
173	chr3	108760000	108800000	-1	1
174	chr3	108840000	109320000	-1	1
175	chr3	112920000	112960000	-1	1
176	chr3	115400000	115720000	-1	1
177	chr3	115760000	116040000	-1	1
178	chr3	116080000	116200000	-1	1
179	chr3	116240000	116600000	-1	1
180	chr3	116640000	117200000	-1	1
181	chr3	117520000	117560000	-1	1
182	chr3	117680000	118120000	-1	1
183	chr3	118160000	118360000	-1	1
184	chr3	118720000	118960000	-1	1
185	chr3	120280000	120840000	-1	1
186	chr3	120880000	121000000	-1	1
187	chr3	121040000	121240000	-1	1
188	chr3	121280000	121520000	-1	1
189	chr3	121560000	121960000	-1	1
190	chr3	122000000	122360000	-1	1
191	chr3	122400000	122600000	-1	1
192	chr3	122640000	122840000	-1	1
193	chr3	122880000	123080000	-1	1
194	chr3	123120000	123200000	-1	1
195	chr3	123240000	124000000	-1	1
196	chr3	124040000	124240000	-1	1
197	chr3	126080000	126120000	-1	1
198	chr3	127200000	127240000	-1	1
199	chr3	127280000	127520000	-1	1
200	chr3	127560000	127640000	-1	1
201	chr3	128080000	128920000	-1	1
202	chr3	128960000	129480000	-1	1
203	chr3	129600000	129800000	-1	1
204	chr3	129840000	130400000	-1	1
205	chr3	130440000	131000000	-1	1
206	chr3	131160000	131240000	-1	1
207	chr3	131360000	131600000	-1	1
208	chr3	131640000	132360000	-1	1
209	chr3	132400000	132960000	-1	1
210	chr3	133000000	133320000	-1	1
211	chr3	133360000	134320000	-1	1
212	chr3	134360000	134880000	-1	1
213	chr3	134920000	135440000	-1	1
214	chr3	135480000	137440000	-1	1
215	chr3	137480000	137640000	-1	1
216	chr3	137680000	137840000	-1	1
217	chr3	137880000	138160000	-1	1
218	chr3	138200000	138280000	-1	1
219	chr3	138320000	138600000	-1	1
220	chr3	138640000	138680000	-1	1
221	chr3	138720000	138760000	-1	1
222	chr3	138880000	138920000	-1	1
223	chr3	141600000	141920000	-1	1
224	chr3	141960000	142120000	-1	1
225	chr3	142160000	142440000	-1	1
226	chr3	142480000	142600000	-1	1
227	chr3	142640000	144080000	-1	1
228	chr3	144120000	144400000	-1	1
229	chr3	144440000	144800000	-1	1
230	chr3	144840000	144880000	-1	1
231	chr3	144920000	144960000	-1	1
232	chr3	145080000	145600000	-1	1
233	chr3	145640000	145840000	-1	1
234	chr3	145880000	146640000	-1	1
235	chr3	146680000	149680000	-1	1
236	chr3	151360000	151760000	-1	1
237	chr3	151800000	152000000	-1	1
238	chr3	152040000	152160000	-1	1
239	chr3	152200000	153560000	-1	1
240	chr3	153600000	153640000	-1	1
241	chr3	153680000	153920000	-1	1
242	chr3	153960000	154240000	-1	1
243	chr3	154280000	154320000	-1	1
244	chr3	154360000	154520000	-1	1
245	chr3	156440000	157200000	-1	1
246	chr3	157240000	157520000	-1	1
247	chr3	157560000	157760000	-1	1
248	chr3	157800000	159360000	-1	1
249	chr3	159400000	159600000	-1	1
250	chr3	22240000	25520000	25	2
