1	chr5	3080000	3640000	-1	1
2	chr5	3680000	4200000	-1	1
3	chr5	4240000	4960000	-1	1
4	chr5	5400000	5480000	-1	1
5	chr5	5520000	5760000	-1	1
6	chr5	8200000	8400000	-1	1
7	chr5	8440000	9160000	-1	1
8	chr5	9200000	9440000	-1	1
9	chr5	11120000	11240000	-1	1
10	chr5	12600000	14280000	-1	1
11	chr5	14960000	17960000	-1	1
12	chr5	18000000	18920000	-1	1
13	chr5	18960000	20360000	-1	1
14	chr5	20400000	20440000	-1	1
15	chr5	20480000	21160000	-1	1
16	chr5	21200000	21320000	-1	1
17	chr5	21360000	22800000	-1	1
18	chr5	22840000	22880000	-1	1
19	chr5	22920000	23200000	-1	1
20	chr5	23240000	23360000	-1	1
21	chr5	23400000	24160000	-1	1
22	chr5	24200000	24440000	-1	1
23	chr5	24560000	25400000	-1	1
24	chr5	26360000	28000000	-1	1
25	chr5	28040000	29720000	-1	1
26	chr5	29760000	30440000	-1	1
27	chr5	30480000	31000000	-1	1
28	chr5	31040000	31360000	-1	1
29	chr5	31400000	31840000	-1	1
30	chr5	31880000	33120000	-1	1
31	chr5	33160000	34000000	-1	1
32	chr5	34040000	35840000	-1	1
33	chr5	35960000	37200000	-1	1
34	chr5	37240000	37600000	-1	1
35	chr5	37720000	37760000	-1	1
36	chr5	38200000	38600000	-1	1
37	chr5	38640000	39160000	-1	1
38	chr5	39200000	40040000	-1	1
39	chr5	42120000	42240000	-1	1
40	chr5	42280000	44040000	-1	1
41	chr5	44080000	44640000	-1	1
42	chr5	45760000	45800000	-1	1
43	chr5	45840000	46080000	-1	1
44	chr5	46120000	46760000	-1	1
45	chr5	48880000	49080000	-1	1
46	chr5	50400000	50640000	-1	1
47	chr5	50680000	50720000	-1	1
48	chr5	52520000	52640000	-1	1
49	chr5	53160000	53280000	-1	1
50	chr5	53320000	53520000	-1	1
51	chr5	53640000	54560000	-1	1
52	chr5	61080000	61640000	-1	1
53	chr5	63280000	64240000	-1	1
54	chr5	64280000	65720000	-1	1
55	chr5	65760000	66120000	-1	1
56	chr5	66160000	67080000	-1	1
57	chr5	67120000	67640000	-1	1
58	chr5	67680000	67880000	-1	1
59	chr5	67920000	68520000	-1	1
60	chr5	69760000	69960000	-1	1
61	chr5	72520000	72560000	-1	1
62	chr5	72600000	72680000	-1	1
63	chr5	72720000	73280000	-1	1
64	chr5	73320000	73800000	-1	1
65	chr5	73840000	74040000	-1	1
66	chr5	74080000	75560000	-1	1
67	chr5	75600000	77280000	-1	1
68	chr5	77320000	77720000	-1	1
69	chr5	77760000	77880000	-1	1
70	chr5	86000000	86400000	-1	1
71	chr5	86440000	86640000	-1	1
72	chr5	86680000	87240000	-1	1
73	chr5	87280000	88960000	-1	1
74	chr5	89000000	89200000	-1	1
75	chr5	89240000	89880000	-1	1
76	chr5	90000000	90160000	-1	1
77	chr5	90200000	90240000	-1	1
78	chr5	90400000	90640000	-1	1
79	chr5	90680000	90800000	-1	1
80	chr5	90840000	91360000	-1	1
81	chr5	91400000	91800000	-1	1
82	chr5	91840000	92720000	-1	1
83	chr5	92760000	93440000	-1	1
84	chr5	93480000	93760000	-1	1
85	chr5	93800000	93920000	-1	1
86	chr5	96720000	97280000	-1	1
87	chr5	97320000	97520000	-1	1
88	chr5	97560000	98000000	-1	1
89	chr5	99640000	100360000	-1	1
90	chr5	100400000	100480000	-1	1
91	chr5	100520000	100800000	-1	1
92	chr5	100840000	100960000	-1	1
93	chr5	101000000	101160000	-1	1
94	chr5	101200000	101240000	-1	1
95	chr5	101280000	101320000	-1	1
96	chr5	101360000	102120000	-1	1
97	chr5	102160000	102520000	-1	1
98	chr5	102560000	104080000	-1	1
99	chr5	104120000	104360000	-1	1
100	chr5	104400000	105800000	-1	1
101	chr5	105840000	106320000	-1	1
102	chr5	106360000	108160000	-1	1
103	chr5	108200000	108320000	-1	1
104	chr5	108360000	109280000	-1	1
105	chr5	109560000	109600000	-1	1
106	chr5	109760000	109880000	-1	1
107	chr5	110000000	110680000	-1	1
108	chr5	110720000	110760000	-1	1
109	chr5	110800000	111840000	-1	1
110	chr5	112640000	112680000	-1	1
111	chr5	113480000	113520000	-1	1
112	chr5	113640000	113720000	-1	1
113	chr5	113760000	114280000	-1	1
114	chr5	114320000	114600000	-1	1
115	chr5	114640000	114920000	-1	1
116	chr5	114960000	115000000	-1	1
117	chr5	115120000	115400000	-1	1
118	chr5	115440000	115960000	-1	1
119	chr5	116000000	116080000	-1	1
120	chr5	116120000	116480000	-1	1
121	chr5	116520000	117560000	-1	1
122	chr5	117600000	117960000	-1	1
123	chr5	118000000	118440000	-1	1
124	chr5	118760000	119200000	-1	1
125	chr5	119240000	120560000	-1	1
126	chr5	120680000	120920000	-1	1
127	chr5	120960000	121200000	-1	1
128	chr5	121240000	121640000	-1	1
129	chr5	121680000	122080000	-1	1
130	chr5	122120000	122560000	-1	1
131	chr5	122600000	123360000	-1	1
132	chr5	123400000	123680000	-1	1
133	chr5	123720000	124800000	-1	1
134	chr5	124840000	125040000	-1	1
135	chr5	125200000	125880000	-1	1
136	chr5	125920000	126000000	-1	1
137	chr5	126040000	127520000	-1	1
138	chr5	128080000	129280000	-1	1
139	chr5	129560000	130360000	-1	1
140	chr5	130400000	130760000	-1	1
141	chr5	130800000	134640000	-1	1
142	chr5	134680000	135200000	-1	1
143	chr5	135240000	135840000	-1	1
144	chr5	135880000	136360000	-1	1
145	chr5	136400000	136640000	-1	1
146	chr5	136680000	137400000	-1	1
147	chr5	137440000	138200000	-1	1
148	chr5	138240000	138640000	-1	1
149	chr5	138680000	139760000	-1	1
150	chr5	139880000	140040000	-1	1
151	chr5	140280000	140920000	-1	1
152	chr5	140960000	141240000	-1	1
153	chr5	141280000	142840000	-1	1
154	chr5	142880000	142960000	-1	1
155	chr5	143000000	143240000	-1	1
156	chr5	143520000	143640000	-1	1
157	chr5	143680000	144080000	-1	1
158	chr5	144120000	145000000	-1	1
159	chr5	145040000	145520000	-1	1
160	chr5	145560000	145880000	-1	1
161	chr5	145920000	145960000	-1	1
162	chr5	146000000	147480000	-1	1
163	chr5	147520000	148160000	-1	1
164	chr5	148200000	149120000	-1	1
165	chr5	149160000	149560000	-1	1
166	chr5	149600000	150280000	-1	1
167	chr5	150320000	150440000	-1	1
168	chr5	150480000	150880000	-1	1
169	chr5	150920000	151320000	-1	1
170	chr5	151360000	152560000	-1	1
171	chr5	130800000	134600000	141	2
172	chr5	130800000	134120000	171	3
173	chr5	134160000	134200000	171	3
174	chr5	134360000	134400000	171	3
175	chr5	134440000	134480000	171	3
176	chr5	134520000	134560000	171	3
