1	chr6	3160000	3400000	-1	1
2	chr6	3440000	3520000	-1	1
3	chr6	3560000	3680000	-1	1
4	chr6	3720000	4320000	-1	1
5	chr6	4360000	4440000	-1	1
6	chr6	4480000	4560000	-1	1
7	chr6	4600000	4640000	-1	1
8	chr6	4680000	4720000	-1	1
9	chr6	4760000	4800000	-1	1
10	chr6	4840000	4880000	-1	1
11	chr6	4920000	4960000	-1	1
12	chr6	5000000	5040000	-1	1
13	chr6	5080000	5320000	-1	1
14	chr6	5360000	5520000	-1	1
15	chr6	5560000	5720000	-1	1
16	chr6	5760000	6840000	-1	1
17	chr6	6880000	7560000	-1	1
18	chr6	7680000	7960000	-1	1
19	chr6	8200000	8800000	-1	1
20	chr6	8920000	9040000	-1	1
21	chr6	11840000	12040000	-1	1
22	chr6	12160000	12200000	-1	1
23	chr6	12240000	13160000	-1	1
24	chr6	13280000	14480000	-1	1
25	chr6	16960000	17000000	-1	1
26	chr6	21680000	22040000	-1	1
27	chr6	22080000	22120000	-1	1
28	chr6	22240000	22400000	-1	1
29	chr6	22440000	22920000	-1	1
30	chr6	22960000	23080000	-1	1
31	chr6	23120000	23400000	-1	1
32	chr6	23440000	23480000	-1	1
33	chr6	24320000	24360000	-1	1
34	chr6	24400000	24440000	-1	1
35	chr6	24480000	24560000	-1	1
36	chr6	24600000	24680000	-1	1
37	chr6	24720000	24760000	-1	1
38	chr6	27120000	27160000	-1	1
39	chr6	27600000	28320000	-1	1
40	chr6	28440000	28840000	-1	1
41	chr6	28880000	29080000	-1	1
42	chr6	29120000	29200000	-1	1
43	chr6	29240000	29280000	-1	1
44	chr6	29320000	29440000	-1	1
45	chr6	29480000	29560000	-1	1
46	chr6	29600000	29640000	-1	1
47	chr6	29680000	29880000	-1	1
48	chr6	29920000	30000000	-1	1
49	chr6	30040000	30120000	-1	1
50	chr6	30160000	30320000	-1	1
51	chr6	30360000	30400000	-1	1
52	chr6	30440000	30960000	-1	1
53	chr6	31000000	31120000	-1	1
54	chr6	31160000	31360000	-1	1
55	chr6	31400000	31440000	-1	1
56	chr6	31480000	31560000	-1	1
57	chr6	31600000	33160000	-1	1
58	chr6	33200000	33240000	-1	1
59	chr6	33280000	33320000	-1	1
60	chr6	33440000	33480000	-1	1
61	chr6	33760000	33880000	-1	1
62	chr6	33920000	34200000	-1	1
63	chr6	34240000	34280000	-1	1
64	chr6	34320000	34360000	-1	1
65	chr6	34400000	34440000	-1	1
66	chr6	34480000	34520000	-1	1
67	chr6	34560000	34680000	-1	1
68	chr6	34720000	34800000	-1	1
69	chr6	34840000	34920000	-1	1
70	chr6	34960000	35000000	-1	1
71	chr6	35040000	35080000	-1	1
72	chr6	35120000	35160000	-1	1
73	chr6	35200000	35280000	-1	1
74	chr6	35320000	35680000	-1	1
75	chr6	35720000	35920000	-1	1
76	chr6	36480000	36960000	-1	1
77	chr6	37000000	37280000	-1	1
78	chr6	37320000	37360000	-1	1
79	chr6	37400000	37480000	-1	1
80	chr6	37520000	37600000	-1	1
81	chr6	37640000	37680000	-1	1
82	chr6	37720000	37800000	-1	1
83	chr6	37840000	37880000	-1	1
84	chr6	37920000	38000000	-1	1
85	chr6	38040000	38280000	-1	1
86	chr6	38320000	38440000	-1	1
87	chr6	38480000	38560000	-1	1
88	chr6	38600000	39040000	-1	1
89	chr6	39080000	39200000	-1	1
90	chr6	39240000	39280000	-1	1
91	chr6	39320000	39360000	-1	1
92	chr6	39400000	39480000	-1	1
93	chr6	39520000	39560000	-1	1
94	chr6	39600000	39720000	-1	1
95	chr6	39760000	40240000	-1	1
96	chr6	40280000	40320000	-1	1
97	chr6	40360000	40400000	-1	1
98	chr6	40440000	40480000	-1	1
99	chr6	40520000	40640000	-1	1
100	chr6	40760000	40840000	-1	1
101	chr6	41040000	41520000	-1	1
102	chr6	41560000	41680000	-1	1
103	chr6	42200000	42280000	-1	1
104	chr6	46960000	47040000	-1	1
105	chr6	47120000	47200000	-1	1
106	chr6	47240000	47600000	-1	1
107	chr6	47720000	47760000	-1	1
108	chr6	47800000	47880000	-1	1
109	chr6	47920000	48000000	-1	1
110	chr6	48040000	48080000	-1	1
111	chr6	48120000	48240000	-1	1
112	chr6	48320000	48360000	-1	1
113	chr6	48520000	48560000	-1	1
114	chr6	48600000	48680000	-1	1
115	chr6	48720000	48760000	-1	1
116	chr6	48800000	48880000	-1	1
117	chr6	48920000	48960000	-1	1
118	chr6	49000000	49120000	-1	1
119	chr6	49160000	49320000	-1	1
120	chr6	49360000	49400000	-1	1
121	chr6	49440000	50240000	-1	1
122	chr6	50280000	50320000	-1	1
123	chr6	50360000	50440000	-1	1
124	chr6	50560000	51080000	-1	1
125	chr6	51120000	51160000	-1	1
126	chr6	51200000	51280000	-1	1
127	chr6	51320000	51360000	-1	1
128	chr6	51400000	51480000	-1	1
129	chr6	51560000	51600000	-1	1
130	chr6	51720000	51760000	-1	1
131	chr6	51840000	51880000	-1	1
132	chr6	51920000	51960000	-1	1
133	chr6	52000000	52040000	-1	1
134	chr6	52080000	52160000	-1	1
135	chr6	52200000	52240000	-1	1
136	chr6	52280000	52320000	-1	1
137	chr6	52360000	52880000	-1	1
138	chr6	53000000	53080000	-1	1
139	chr6	53120000	53160000	-1	1
140	chr6	53200000	53680000	-1	1
141	chr6	53720000	53880000	-1	1
142	chr6	53920000	54160000	-1	1
143	chr6	54520000	54920000	-1	1
144	chr6	54960000	55080000	-1	1
145	chr6	56720000	56840000	-1	1
146	chr6	58520000	58720000	-1	1
147	chr6	58760000	58800000	-1	1
148	chr6	58840000	59120000	-1	1
149	chr6	59160000	59400000	-1	1
150	chr6	59600000	60200000	-1	1
151	chr6	60240000	60360000	-1	1
152	chr6	60480000	60880000	-1	1
153	chr6	60920000	61240000	-1	1
154	chr6	64040000	64560000	-1	1
155	chr6	64600000	64880000	-1	1
156	chr6	64920000	64960000	-1	1
157	chr6	65000000	65040000	-1	1
158	chr6	65080000	65400000	-1	1
159	chr6	65440000	66480000	-1	1
160	chr6	66520000	66880000	-1	1
161	chr6	66920000	67080000	-1	1
162	chr6	67120000	67240000	-1	1
163	chr6	67280000	67320000	-1	1
164	chr6	67360000	67760000	-1	1
165	chr6	67800000	67840000	-1	1
166	chr6	67880000	67920000	-1	1
167	chr6	68040000	68200000	-1	1
168	chr6	68240000	68280000	-1	1
169	chr6	68600000	68880000	-1	1
170	chr6	68920000	68960000	-1	1
171	chr6	69000000	69040000	-1	1
172	chr6	69080000	69120000	-1	1
173	chr6	69160000	69200000	-1	1
174	chr6	69240000	69320000	-1	1
175	chr6	69360000	69440000	-1	1
176	chr6	69480000	69520000	-1	1
177	chr6	69560000	69680000	-1	1
178	chr6	69840000	69880000	-1	1
179	chr6	69920000	69960000	-1	1
180	chr6	70000000	70080000	-1	1
181	chr6	70240000	70280000	-1	1
182	chr6	70320000	70720000	-1	1
183	chr6	70760000	70800000	-1	1
184	chr6	70840000	71040000	-1	1
185	chr6	71080000	71240000	-1	1
186	chr6	71280000	71320000	-1	1
187	chr6	71360000	71480000	-1	1
188	chr6	71520000	71560000	-1	1
189	chr6	71600000	71640000	-1	1
190	chr6	71680000	71720000	-1	1
191	chr6	71760000	71800000	-1	1
192	chr6	71840000	71880000	-1	1
193	chr6	71920000	72000000	-1	1
194	chr6	72040000	72080000	-1	1
195	chr6	72120000	72200000	-1	1
196	chr6	72240000	72320000	-1	1
197	chr6	72360000	72440000	-1	1
198	chr6	72480000	72520000	-1	1
199	chr6	72560000	72760000	-1	1
200	chr6	72800000	72840000	-1	1
201	chr6	72880000	72960000	-1	1
202	chr6	73000000	73040000	-1	1
203	chr6	73080000	73120000	-1	1
204	chr6	73280000	74120000	-1	1
205	chr6	81920000	82520000	-1	1
206	chr6	82560000	82640000	-1	1
207	chr6	82680000	82800000	-1	1
208	chr6	82840000	82920000	-1	1
209	chr6	82960000	83000000	-1	1
210	chr6	83040000	83200000	-1	1
211	chr6	83240000	83280000	-1	1
212	chr6	83320000	83600000	-1	1
213	chr6	83640000	83680000	-1	1
214	chr6	83720000	83760000	-1	1
215	chr6	83800000	83880000	-1	1
216	chr6	83920000	83960000	-1	1
217	chr6	84000000	84840000	-1	1
218	chr6	84880000	84920000	-1	1
219	chr6	84960000	85040000	-1	1
220	chr6	85080000	85160000	-1	1
221	chr6	85200000	85240000	-1	1
222	chr6	85280000	85360000	-1	1
223	chr6	85400000	85480000	-1	1
224	chr6	85520000	85640000	-1	1
225	chr6	85760000	85840000	-1	1
226	chr6	85880000	85920000	-1	1
227	chr6	86040000	86280000	-1	1
228	chr6	86320000	86360000	-1	1
229	chr6	86400000	86480000	-1	1
230	chr6	86520000	86600000	-1	1
231	chr6	86640000	86760000	-1	1
232	chr6	86800000	86920000	-1	1
233	chr6	86960000	87000000	-1	1
234	chr6	87040000	87280000	-1	1
235	chr6	87320000	87360000	-1	1
236	chr6	87400000	87600000	-1	1
237	chr6	87640000	87680000	-1	1
238	chr6	87720000	87760000	-1	1
239	chr6	87800000	87920000	-1	1
240	chr6	87960000	88000000	-1	1
241	chr6	88040000	88440000	-1	1
242	chr6	88480000	88800000	-1	1
243	chr6	88840000	89560000	-1	1
244	chr6	89680000	89720000	-1	1
245	chr6	89760000	90280000	-1	1
246	chr6	90320000	90360000	-1	1
247	chr6	90400000	90440000	-1	1
248	chr6	90560000	90640000	-1	1
249	chr6	90680000	91200000	-1	1
250	chr6	91240000	91360000	-1	1
251	chr6	91400000	91440000	-1	1
252	chr6	91480000	91680000	-1	1
253	chr6	91800000	92000000	-1	1
254	chr6	92040000	92120000	-1	1
255	chr6	92160000	92680000	-1	1
256	chr6	92720000	93480000	-1	1
257	chr6	93520000	93680000	-1	1
258	chr6	93720000	93760000	-1	1
259	chr6	93800000	93880000	-1	1
260	chr6	93920000	93960000	-1	1
261	chr6	94000000	94400000	-1	1
262	chr6	94440000	94920000	-1	1
263	chr6	94960000	95000000	-1	1
264	chr6	95040000	95080000	-1	1
265	chr6	95120000	97040000	-1	1
266	chr6	97080000	97120000	-1	1
267	chr6	97160000	97680000	-1	1
268	chr6	97720000	97760000	-1	1
269	chr6	97800000	97840000	-1	1
270	chr6	97880000	97960000	-1	1
271	chr6	98000000	99560000	-1	1
272	chr6	99600000	99720000	-1	1
273	chr6	99760000	100080000	-1	1
274	chr6	100120000	100160000	-1	1
275	chr6	100200000	100360000	-1	1
276	chr6	100400000	100440000	-1	1
277	chr6	100480000	100600000	-1	1
278	chr6	100760000	100800000	-1	1
279	chr6	100840000	100880000	-1	1
280	chr6	101520000	101560000	-1	1
281	chr6	101600000	103160000	-1	1
282	chr6	106720000	108000000	-1	1
283	chr6	108040000	108320000	-1	1
284	chr6	108360000	108680000	-1	1
285	chr6	108720000	108800000	-1	1
286	chr6	108840000	109000000	-1	1
287	chr6	109120000	109160000	-1	1
288	chr6	110960000	111640000	-1	1
289	chr6	111680000	111720000	-1	1
290	chr6	112000000	112080000	-1	1
291	chr6	112120000	112280000	-1	1
292	chr6	112440000	112480000	-1	1
293	chr6	112520000	112600000	-1	1
294	chr6	112640000	112720000	-1	1
295	chr6	112760000	112840000	-1	1
296	chr6	112880000	112920000	-1	1
297	chr6	112960000	113000000	-1	1
298	chr6	113040000	113080000	-1	1
299	chr6	113120000	113240000	-1	1
300	chr6	113280000	113320000	-1	1
301	chr6	113360000	113400000	-1	1
302	chr6	113440000	113520000	-1	1
303	chr6	113560000	113640000	-1	1
304	chr6	114640000	114960000	-1	1
305	chr6	115000000	115080000	-1	1
306	chr6	115120000	115480000	-1	1
307	chr6	115520000	115600000	-1	1
308	chr6	115640000	115720000	-1	1
309	chr6	115760000	115800000	-1	1
310	chr6	115840000	116080000	-1	1
311	chr6	116120000	116520000	-1	1
312	chr6	116560000	117760000	-1	1
313	chr6	117800000	117840000	-1	1
314	chr6	117880000	117920000	-1	1
315	chr6	117960000	118120000	-1	1
316	chr6	118320000	118360000	-1	1
317	chr6	118400000	119360000	-1	1
318	chr6	119400000	119600000	-1	1
319	chr6	119640000	119680000	-1	1
320	chr6	119720000	119760000	-1	1
321	chr6	119800000	119840000	-1	1
322	chr6	119880000	120120000	-1	1
323	chr6	120160000	120280000	-1	1
324	chr6	120320000	120360000	-1	1
325	chr6	120400000	120440000	-1	1
326	chr6	120480000	120720000	-1	1
327	chr6	120760000	120800000	-1	1
328	chr6	120840000	121120000	-1	1
329	chr6	121240000	121480000	-1	1
330	chr6	121520000	122200000	-1	1
331	chr6	122240000	122320000	-1	1
332	chr6	122360000	122400000	-1	1
333	chr6	122440000	122560000	-1	1
334	chr6	122600000	122720000	-1	1
335	chr6	122760000	122800000	-1	1
336	chr6	122840000	123160000	-1	1
337	chr6	123200000	123240000	-1	1
338	chr6	123560000	124320000	-1	1
339	chr6	124360000	124400000	-1	1
340	chr6	124440000	124560000	-1	1
341	chr6	124600000	124720000	-1	1
342	chr6	124760000	124920000	-1	1
343	chr6	124960000	125000000	-1	1
344	chr6	125040000	125160000	-1	1
345	chr6	125200000	125320000	-1	1
346	chr6	125360000	125400000	-1	1
347	chr6	125440000	125520000	-1	1
348	chr6	125560000	126400000	-1	1
349	chr6	126720000	126840000	-1	1
350	chr6	126880000	127040000	-1	1
351	chr6	127080000	127360000	-1	1
352	chr6	127400000	127440000	-1	1
353	chr6	127480000	127880000	-1	1
354	chr6	128000000	128040000	-1	1
355	chr6	128080000	128240000	-1	1
356	chr6	128280000	128320000	-1	1
357	chr6	128360000	128400000	-1	1
358	chr6	128440000	128480000	-1	1
359	chr6	128520000	128680000	-1	1
360	chr6	128720000	128760000	-1	1
361	chr6	128800000	128840000	-1	1
362	chr6	128880000	129160000	-1	1
363	chr6	129200000	129280000	-1	1
364	chr6	129440000	129480000	-1	1
365	chr6	130720000	130880000	-1	1
366	chr6	131440000	131720000	-1	1
367	chr6	132640000	132680000	-1	1
368	chr6	133240000	133800000	-1	1
369	chr6	133840000	134320000	-1	1
370	chr6	134360000	134560000	-1	1
371	chr6	134600000	134640000	-1	1
372	chr6	134680000	134760000	-1	1
373	chr6	134800000	134920000	-1	1
374	chr6	134960000	135080000	-1	1
375	chr6	135120000	135160000	-1	1
376	chr6	135200000	135320000	-1	1
377	chr6	135360000	136320000	-1	1
378	chr6	136360000	136520000	-1	1
379	chr6	136560000	136640000	-1	1
380	chr6	136760000	136880000	-1	1
381	chr6	137360000	137680000	-1	1
382	chr6	140080000	140120000	-1	1
383	chr6	140160000	140360000	-1	1
384	chr6	140400000	140440000	-1	1
385	chr6	140480000	140640000	-1	1
386	chr6	140680000	140760000	-1	1
387	chr6	140800000	141360000	-1	1
388	chr6	141400000	141720000	-1	1
389	chr6	141760000	141800000	-1	1
390	chr6	141840000	141880000	-1	1
391	chr6	142000000	142040000	-1	1
392	chr6	142080000	142120000	-1	1
393	chr6	142160000	142200000	-1	1
394	chr6	142320000	142440000	-1	1
395	chr6	142480000	142600000	-1	1
396	chr6	142640000	142680000	-1	1
397	chr6	142720000	142920000	-1	1
398	chr6	142960000	143000000	-1	1
399	chr6	143040000	143080000	-1	1
400	chr6	143120000	143160000	-1	1
401	chr6	143200000	143240000	-1	1
402	chr6	143280000	144720000	-1	1
403	chr6	144760000	144840000	-1	1
404	chr6	144880000	144920000	-1	1
405	chr6	144960000	145080000	-1	1
406	chr6	145120000	145280000	-1	1
407	chr6	145320000	146320000	-1	1
408	chr6	146480000	146720000	-1	1
409	chr6	146760000	146800000	-1	1
410	chr6	146960000	147040000	-1	1
411	chr6	147760000	148080000	-1	1
412	chr6	148120000	148160000	-1	1
413	chr6	148200000	148280000	-1	1
414	chr6	148320000	148680000	-1	1
415	chr6	148720000	148760000	-1	1
416	chr6	148800000	148840000	-1	1
417	chr6	148880000	148920000	-1	1
418	chr6	148960000	149040000	-1	1
419	chr6	149080000	149120000	-1	1
420	chr6	149160000	149200000	-1	1
421	chr6	149240000	149280000	-1	1
422	chr6	149320000	149360000	-1	1
423	chr6	149400000	149480000	-1	1
