1	chr7	3040000	3160000	-1	1
2	chr7	3200000	3640000	-1	1
3	chr7	3840000	4960000	-1	1
4	chr7	5000000	7120000	-1	1
5	chr7	12040000	15160000	-1	1
6	chr7	15400000	15480000	-1	1
7	chr7	16320000	16440000	-1	1
8	chr7	16480000	17480000	-1	1
9	chr7	17520000	17640000	-1	1
10	chr7	18200000	19440000	-1	1
11	chr7	19480000	19680000	-1	1
12	chr7	19800000	19840000	-1	1
13	chr7	19880000	20280000	-1	1
14	chr7	20320000	20520000	-1	1
15	chr7	24160000	24560000	-1	1
16	chr7	24680000	24720000	-1	1
17	chr7	24880000	25160000	-1	1
18	chr7	25200000	26440000	-1	1
19	chr7	26480000	27960000	-1	1
20	chr7	28000000	29080000	-1	1
21	chr7	29120000	31000000	-1	1
22	chr7	31040000	31920000	-1	1
23	chr7	31960000	32360000	-1	1
24	chr7	33960000	34960000	-1	1
25	chr7	35000000	36400000	-1	1
26	chr7	36440000	39280000	-1	1
27	chr7	46480000	152520000	-1	1
28	chr7	47560000	49680000	27	2
29	chr7	49720000	49760000	27	2
30	chr7	49800000	49840000	27	2
31	chr7	49880000	50240000	27	2
32	chr7	50360000	50440000	27	2
33	chr7	50480000	50520000	27	2
34	chr7	50560000	50600000	27	2
35	chr7	50640000	50680000	27	2
36	chr7	50720000	50800000	27	2
37	chr7	50840000	50880000	27	2
38	chr7	50920000	51000000	27	2
39	chr7	51040000	51080000	27	2
40	chr7	51120000	51160000	27	2
41	chr7	51200000	51320000	27	2
42	chr7	51360000	51480000	27	2
43	chr7	51520000	51560000	27	2
44	chr7	51600000	51640000	27	2
45	chr7	51680000	51720000	27	2
46	chr7	51760000	51880000	27	2
47	chr7	51920000	51960000	27	2
48	chr7	52000000	52040000	27	2
49	chr7	52080000	52120000	27	2
50	chr7	52160000	52200000	27	2
51	chr7	52240000	52360000	27	2
52	chr7	52400000	52440000	27	2
53	chr7	52480000	52520000	27	2
54	chr7	52560000	52600000	27	2
55	chr7	52640000	52680000	27	2
56	chr7	52720000	52840000	27	2
57	chr7	52880000	52920000	27	2
58	chr7	52960000	53040000	27	2
59	chr7	53080000	53200000	27	2
60	chr7	53360000	53400000	27	2
61	chr7	53520000	53640000	27	2
62	chr7	53680000	54240000	27	2
63	chr7	54280000	57880000	27	2
64	chr7	58480000	58520000	27	2
65	chr7	58720000	58760000	27	2
66	chr7	58920000	58960000	27	2
67	chr7	59080000	59200000	27	2
68	chr7	59360000	59400000	27	2
69	chr7	59440000	59480000	27	2
70	chr7	59520000	59560000	27	2
71	chr7	59800000	59840000	27	2
72	chr7	59880000	59920000	27	2
73	chr7	59960000	60000000	27	2
74	chr7	60240000	60280000	27	2
75	chr7	60720000	60760000	27	2
76	chr7	61000000	61040000	27	2
77	chr7	61240000	61280000	27	2
78	chr7	61320000	61360000	27	2
79	chr7	61840000	61880000	27	2
80	chr7	62000000	62040000	27	2
81	chr7	62440000	62960000	27	2
82	chr7	63000000	63040000	27	2
83	chr7	63080000	63120000	27	2
84	chr7	63160000	63360000	27	2
85	chr7	63400000	63440000	27	2
86	chr7	63480000	64040000	27	2
87	chr7	64080000	64160000	27	2
88	chr7	64200000	64720000	27	2
89	chr7	64760000	65280000	27	2
90	chr7	65320000	65400000	27	2
91	chr7	65520000	65560000	27	2
92	chr7	66080000	66120000	27	2
93	chr7	66400000	66440000	27	2
94	chr7	66840000	66920000	27	2
95	chr7	67080000	67120000	27	2
96	chr7	67160000	69960000	27	2
97	chr7	70000000	70880000	27	2
98	chr7	70920000	71000000	27	2
99	chr7	71040000	71160000	27	2
100	chr7	71200000	71280000	27	2
101	chr7	71320000	71360000	27	2
102	chr7	71400000	71440000	27	2
103	chr7	71480000	71520000	27	2
104	chr7	71680000	71840000	27	2
105	chr7	71960000	72000000	27	2
106	chr7	72040000	72080000	27	2
107	chr7	72120000	72200000	27	2
108	chr7	72240000	72280000	27	2
109	chr7	72320000	72400000	27	2
110	chr7	72440000	72640000	27	2
111	chr7	72680000	72720000	27	2
112	chr7	72760000	72800000	27	2
113	chr7	72840000	72920000	27	2
114	chr7	72960000	73000000	27	2
115	chr7	73040000	73120000	27	2
116	chr7	73240000	73320000	27	2
117	chr7	73400000	73480000	27	2
118	chr7	73600000	73640000	27	2
119	chr7	73760000	73800000	27	2
120	chr7	73840000	73960000	27	2
121	chr7	74000000	74320000	27	2
122	chr7	74360000	74760000	27	2
123	chr7	74800000	74880000	27	2
124	chr7	74920000	75080000	27	2
125	chr7	75120000	75160000	27	2
126	chr7	75200000	75240000	27	2
127	chr7	75360000	75400000	27	2
128	chr7	75800000	75840000	27	2
129	chr7	76040000	76080000	27	2
130	chr7	76360000	76400000	27	2
131	chr7	76520000	76560000	27	2
132	chr7	76960000	77000000	27	2
133	chr7	77160000	77200000	27	2
134	chr7	77240000	77280000	27	2
135	chr7	77440000	77480000	27	2
136	chr7	77520000	77640000	27	2
137	chr7	77680000	77720000	27	2
138	chr7	77960000	78000000	27	2
139	chr7	78240000	78280000	27	2
140	chr7	78400000	78440000	27	2
141	chr7	78800000	78880000	27	2
142	chr7	78920000	80520000	27	2
143	chr7	80560000	80680000	27	2
144	chr7	80720000	80840000	27	2
145	chr7	80880000	80920000	27	2
146	chr7	80960000	81000000	27	2
147	chr7	81040000	81080000	27	2
148	chr7	81160000	81240000	27	2
149	chr7	81360000	81400000	27	2
150	chr7	81720000	81800000	27	2
151	chr7	81960000	82000000	27	2
152	chr7	82040000	82080000	27	2
153	chr7	82280000	82480000	27	2
154	chr7	82520000	82560000	27	2
155	chr7	82600000	82680000	27	2
156	chr7	82720000	82760000	27	2
157	chr7	82800000	82840000	27	2
158	chr7	82880000	83000000	27	2
159	chr7	83040000	83480000	27	2
160	chr7	84560000	84600000	27	2
161	chr7	85080000	85120000	27	2
162	chr7	85560000	85600000	27	2
163	chr7	85760000	85840000	27	2
164	chr7	85880000	88880000	27	2
165	chr7	88920000	94680000	27	2
166	chr7	94800000	94840000	27	2
167	chr7	94880000	94920000	27	2
168	chr7	95880000	95920000	27	2
169	chr7	96080000	96120000	27	2
170	chr7	96240000	96280000	27	2
171	chr7	96320000	96520000	27	2
172	chr7	96560000	96600000	27	2
173	chr7	96640000	97000000	27	2
174	chr7	97040000	97080000	27	2
175	chr7	97120000	97160000	27	2
176	chr7	97200000	97240000	27	2
177	chr7	97280000	97320000	27	2
178	chr7	97360000	97400000	27	2
179	chr7	97440000	97560000	27	2
180	chr7	97600000	97640000	27	2
181	chr7	97680000	97720000	27	2
182	chr7	97760000	97800000	27	2
183	chr7	97960000	98000000	27	2
184	chr7	98040000	98080000	27	2
185	chr7	98120000	98160000	27	2
186	chr7	98400000	98440000	27	2
187	chr7	99040000	99080000	27	2
188	chr7	99280000	99320000	27	2
189	chr7	99360000	99400000	27	2
190	chr7	99560000	99640000	27	2
191	chr7	99680000	99720000	27	2
192	chr7	99760000	100000000	27	2
193	chr7	100040000	100120000	27	2
194	chr7	100160000	100200000	27	2
195	chr7	100440000	100480000	27	2
196	chr7	100880000	100920000	27	2
197	chr7	101080000	101120000	27	2
198	chr7	103240000	103280000	27	2
199	chr7	103400000	103440000	27	2
200	chr7	103480000	103520000	27	2
201	chr7	103760000	104480000	27	2
202	chr7	104520000	105280000	27	2
203	chr7	105320000	105560000	27	2
204	chr7	105680000	105720000	27	2
205	chr7	105760000	105800000	27	2
206	chr7	105840000	105960000	27	2
207	chr7	106000000	106120000	27	2
208	chr7	106160000	108000000	27	2
209	chr7	108040000	109400000	27	2
210	chr7	109440000	109520000	27	2
211	chr7	109560000	109600000	27	2
212	chr7	109640000	109800000	27	2
213	chr7	109840000	109880000	27	2
214	chr7	109920000	109960000	27	2
215	chr7	110000000	110040000	27	2
216	chr7	110080000	110240000	27	2
217	chr7	110480000	110560000	27	2
218	chr7	111080000	111200000	27	2
219	chr7	111240000	111280000	27	2
220	chr7	111320000	111360000	27	2
221	chr7	111760000	111800000	27	2
222	chr7	111840000	112240000	27	2
223	chr7	112280000	112840000	27	2
224	chr7	112880000	112920000	27	2
225	chr7	113840000	113880000	27	2
226	chr7	114040000	114080000	27	2
227	chr7	114120000	114240000	27	2
228	chr7	114280000	114920000	27	2
229	chr7	114960000	115840000	27	2
230	chr7	115960000	116000000	27	2
231	chr7	116200000	116240000	27	2
232	chr7	116280000	116560000	27	2
233	chr7	116600000	116800000	27	2
234	chr7	116840000	116960000	27	2
235	chr7	117000000	117200000	27	2
236	chr7	117240000	117400000	27	2
237	chr7	117440000	117480000	27	2
238	chr7	117520000	117560000	27	2
239	chr7	117600000	117680000	27	2
240	chr7	117720000	117760000	27	2
241	chr7	117800000	117840000	27	2
242	chr7	117880000	117920000	27	2
243	chr7	117960000	118000000	27	2
244	chr7	118040000	118080000	27	2
245	chr7	118120000	118240000	27	2
246	chr7	118280000	118400000	27	2
247	chr7	118440000	118480000	27	2
248	chr7	118880000	118920000	27	2
249	chr7	118960000	119000000	27	2
250	chr7	119040000	119080000	27	2
251	chr7	119120000	119480000	27	2
252	chr7	119520000	119760000	27	2
253	chr7	119800000	119840000	27	2
254	chr7	119880000	120000000	27	2
255	chr7	120040000	120240000	27	2
256	chr7	120280000	120360000	27	2
257	chr7	120400000	120440000	27	2
258	chr7	120480000	120520000	27	2
259	chr7	120560000	120840000	27	2
260	chr7	120880000	121120000	27	2
261	chr7	121160000	121320000	27	2
262	chr7	121360000	121400000	27	2
263	chr7	121440000	121600000	27	2
264	chr7	121640000	121960000	27	2
265	chr7	122000000	123200000	27	2
266	chr7	123240000	123960000	27	2
267	chr7	124000000	124040000	27	2
268	chr7	125240000	125520000	27	2
269	chr7	125760000	125800000	27	2
270	chr7	125840000	125880000	27	2
271	chr7	125920000	125960000	27	2
272	chr7	126000000	126040000	27	2
273	chr7	126120000	126600000	27	2
274	chr7	126640000	126800000	27	2
275	chr7	126840000	126920000	27	2
276	chr7	126960000	127000000	27	2
277	chr7	127040000	127080000	27	2
278	chr7	127120000	127160000	27	2
279	chr7	127200000	127440000	27	2
280	chr7	127480000	127520000	27	2
281	chr7	127560000	127600000	27	2
282	chr7	127640000	128240000	27	2
283	chr7	128280000	128760000	27	2
284	chr7	128800000	128840000	27	2
285	chr7	128880000	129040000	27	2
286	chr7	129080000	129120000	27	2
287	chr7	129160000	129280000	27	2
288	chr7	129320000	129560000	27	2
289	chr7	129600000	129960000	27	2
290	chr7	130000000	130600000	27	2
291	chr7	130640000	132760000	27	2
292	chr7	132800000	132840000	27	2
293	chr7	132880000	133200000	27	2
294	chr7	133240000	133280000	27	2
295	chr7	133320000	133360000	27	2
296	chr7	133400000	133480000	27	2
297	chr7	133520000	133600000	27	2
298	chr7	133640000	133680000	27	2
299	chr7	133720000	133800000	27	2
300	chr7	133840000	133880000	27	2
301	chr7	133920000	133960000	27	2
302	chr7	134000000	134040000	27	2
303	chr7	134080000	134120000	27	2
304	chr7	134160000	134200000	27	2
305	chr7	134240000	134280000	27	2
306	chr7	134320000	134360000	27	2
307	chr7	134400000	134520000	27	2
308	chr7	134560000	134600000	27	2
309	chr7	134640000	134680000	27	2
310	chr7	134720000	134760000	27	2
311	chr7	134800000	134880000	27	2
312	chr7	134920000	134960000	27	2
313	chr7	135000000	135120000	27	2
314	chr7	135160000	135320000	27	2
315	chr7	135360000	135480000	27	2
316	chr7	135520000	135560000	27	2
317	chr7	135600000	135840000	27	2
318	chr7	136160000	136240000	27	2
319	chr7	137000000	137440000	27	2
320	chr7	137480000	137520000	27	2
321	chr7	137560000	137600000	27	2
322	chr7	137640000	137720000	27	2
323	chr7	137840000	137920000	27	2
324	chr7	137960000	138040000	27	2
325	chr7	138080000	138120000	27	2
326	chr7	138160000	138240000	27	2
327	chr7	138280000	138440000	27	2
328	chr7	138480000	139800000	27	2
329	chr7	139840000	140840000	27	2
330	chr7	140960000	142680000	27	2
331	chr7	142720000	142760000	27	2
332	chr7	142800000	142880000	27	2
333	chr7	143000000	143320000	27	2
334	chr7	143360000	143400000	27	2
335	chr7	143440000	143480000	27	2
336	chr7	143520000	144440000	27	2
337	chr7	144480000	145960000	27	2
338	chr7	146000000	146160000	27	2
339	chr7	146280000	146360000	27	2
340	chr7	146400000	146440000	27	2
341	chr7	146480000	146640000	27	2
342	chr7	146680000	146760000	27	2
343	chr7	146800000	148360000	27	2
344	chr7	148400000	149800000	27	2
345	chr7	149920000	150600000	27	2
346	chr7	150640000	150760000	27	2
347	chr7	150800000	150920000	27	2
348	chr7	150960000	151160000	27	2
349	chr7	151640000	151720000	27	2
350	chr7	151760000	151920000	27	2
351	chr7	151960000	152080000	27	2
352	chr7	152120000	152160000	27	2
353	chr7	152200000	152400000	27	2
354	chr7	152440000	152480000	27	2
