1	chr16	40000	520000	-1	1
2	chr16	560000	600000	-1	1
3	chr16	800000	1240000	-1	1
4	chr16	1280000	1920000	-1	1
5	chr16	1960000	2000000	-1	1
6	chr16	2160000	2520000	-1	1
7	chr16	2560000	2960000	-1	1
8	chr16	3000000	3120000	-1	1
9	chr16	3160000	3440000	-1	1
10	chr16	3480000	4360000	-1	1
11	chr16	4400000	4640000	-1	1
12	chr16	4680000	5040000	-1	1
13	chr16	5080000	13880000	-1	1
14	chr16	13920000	14640000	-1	1
15	chr16	14920000	15040000	-1	1
16	chr16	15360000	16200000	-1	1
17	chr16	17120000	17560000	-1	1
18	chr16	18680000	19440000	-1	1
19	chr16	19480000	19800000	-1	1
20	chr16	19840000	19880000	-1	1
21	chr16	20640000	21280000	-1	1
22	chr16	21440000	21480000	-1	1
23	chr16	21520000	21640000	-1	1
24	chr16	21840000	22200000	-1	1
25	chr16	22240000	22320000	-1	1
26	chr16	22480000	23320000	-1	1
27	chr16	23360000	23560000	-1	1
28	chr16	23600000	24400000	-1	1
29	chr16	24440000	25120000	-1	1
30	chr16	25160000	27040000	-1	1
31	chr16	27080000	27360000	-1	1
32	chr16	27400000	27960000	-1	1
33	chr16	28000000	28240000	-1	1
34	chr16	28400000	28520000	-1	1
35	chr16	28720000	28880000	-1	1
36	chr16	29000000	29320000	-1	1
37	chr16	29520000	30080000	-1	1
38	chr16	30240000	30560000	-1	1
39	chr16	30600000	30840000	-1	1
40	chr16	30880000	31840000	-1	1
41	chr16	45000000	82520000	-1	1
42	chr16	82560000	83040000	-1	1
43	chr16	83080000	83640000	-1	1
44	chr16	83680000	84320000	-1	1
45	chr16	84360000	85080000	-1	1
46	chr16	85120000	85880000	-1	1
47	chr16	85920000	86440000	-1	1
48	chr16	86480000	87240000	-1	1
49	chr16	87320000	87360000	-1	1
50	chr16	87400000	87800000	-1	1
51	chr16	87840000	88120000	-1	1
52	chr16	88160000	88200000	-1	1
53	chr16	88240000	88480000	-1	1
54	chr16	88520000	88640000	-1	1
55	chr16	40000	120000	1	2
56	chr16	160000	240000	1	2
57	chr16	280000	320000	1	2
58	chr16	360000	480000	1	2
59	chr16	800000	880000	3	2
60	chr16	920000	960000	3	2
61	chr16	1080000	1200000	3	2
62	chr16	1280000	1360000	4	2
63	chr16	1400000	1480000	4	2
64	chr16	1520000	1560000	4	2
65	chr16	1600000	1760000	4	2
66	chr16	1800000	1880000	4	2
67	chr16	2200000	2240000	6	2
68	chr16	2280000	2400000	6	2
69	chr16	2560000	2720000	7	2
70	chr16	2760000	2800000	7	2
71	chr16	2840000	2920000	7	2
72	chr16	3000000	3080000	8	2
73	chr16	3160000	3240000	9	2
74	chr16	3280000	3320000	9	2
75	chr16	3360000	3400000	9	2
76	chr16	3480000	3560000	10	2
77	chr16	3600000	3680000	10	2
78	chr16	3720000	3840000	10	2
79	chr16	3880000	4160000	10	2
80	chr16	4200000	4240000	10	2
81	chr16	4280000	4320000	10	2
82	chr16	4400000	4600000	11	2
83	chr16	4680000	4760000	12	2
84	chr16	4800000	4920000	12	2
85	chr16	5080000	8520000	13	2
86	chr16	8560000	8640000	13	2
87	chr16	8680000	8760000	13	2
88	chr16	8800000	8840000	13	2
89	chr16	8880000	8920000	13	2
90	chr16	8960000	9080000	13	2
91	chr16	9160000	9240000	13	2
92	chr16	9440000	9480000	13	2
93	chr16	10200000	12040000	13	2
94	chr16	12080000	13840000	13	2
95	chr16	13920000	14240000	14	2
96	chr16	14280000	14520000	14	2
97	chr16	14560000	14600000	14	2
98	chr16	14960000	15000000	15	2
99	chr16	15360000	15520000	16	2
100	chr16	15560000	15600000	16	2
101	chr16	15640000	15680000	16	2
102	chr16	15720000	15840000	16	2
103	chr16	15880000	16080000	16	2
104	chr16	16120000	16160000	16	2
105	chr16	17200000	17240000	17	2
106	chr16	17280000	17320000	17	2
107	chr16	17360000	17440000	17	2
108	chr16	17480000	17520000	17	2
109	chr16	18720000	18760000	18	2
110	chr16	18880000	18960000	18	2
111	chr16	19000000	19040000	18	2
112	chr16	19080000	19280000	18	2
113	chr16	19320000	19400000	18	2
114	chr16	19480000	19560000	19	2
115	chr16	19600000	19760000	19	2
116	chr16	20760000	20840000	21	2
117	chr16	20880000	20920000	21	2
118	chr16	21040000	21080000	21	2
119	chr16	21120000	21160000	21	2
120	chr16	21200000	21240000	21	2
121	chr16	21520000	21600000	23	2
122	chr16	21840000	22080000	24	2
123	chr16	22120000	22160000	24	2
124	chr16	22480000	22680000	26	2
125	chr16	22800000	22840000	26	2
126	chr16	23040000	23280000	26	2
127	chr16	23360000	23440000	27	2
128	chr16	23480000	23520000	27	2
129	chr16	23640000	23680000	28	2
130	chr16	23720000	23760000	28	2
131	chr16	23880000	23920000	28	2
132	chr16	24040000	24080000	28	2
133	chr16	24480000	24640000	29	2
134	chr16	24680000	24720000	29	2
135	chr16	24760000	24800000	29	2
136	chr16	24840000	24920000	29	2
137	chr16	24960000	25000000	29	2
138	chr16	25040000	25080000	29	2
139	chr16	25160000	27000000	30	2
140	chr16	27080000	27240000	31	2
141	chr16	27280000	27320000	31	2
142	chr16	27400000	27480000	32	2
143	chr16	27520000	27680000	32	2
144	chr16	27720000	27760000	32	2
145	chr16	27800000	27840000	32	2
146	chr16	27880000	27920000	32	2
147	chr16	28000000	28080000	33	2
148	chr16	28120000	28200000	33	2
149	chr16	28400000	28480000	34	2
150	chr16	28800000	28840000	35	2
151	chr16	29000000	29160000	36	2
152	chr16	29520000	29600000	37	2
153	chr16	29640000	29680000	37	2
154	chr16	29720000	29760000	37	2
155	chr16	29800000	29880000	37	2
156	chr16	29920000	29960000	37	2
157	chr16	30000000	30040000	37	2
158	chr16	30280000	30320000	38	2
159	chr16	30360000	30400000	38	2
160	chr16	30440000	30520000	38	2
161	chr16	30600000	30680000	39	2
162	chr16	30720000	30800000	39	2
163	chr16	30920000	30960000	40	2
164	chr16	31000000	31080000	40	2
165	chr16	31120000	31320000	40	2
166	chr16	31440000	31480000	40	2
167	chr16	31600000	31640000	40	2
168	chr16	31760000	31800000	40	2
169	chr16	45160000	45200000	41	2
170	chr16	45240000	45360000	41	2
171	chr16	45400000	45480000	41	2
172	chr16	45520000	46600000	41	2
173	chr16	46640000	46720000	41	2
174	chr16	46880000	46920000	41	2
175	chr16	46960000	47040000	41	2
176	chr16	47080000	47120000	41	2
177	chr16	47240000	48040000	41	2
178	chr16	48080000	48120000	41	2
179	chr16	48240000	48280000	41	2
180	chr16	48440000	48480000	41	2
181	chr16	48520000	48560000	41	2
182	chr16	48600000	48640000	41	2
183	chr16	48680000	48760000	41	2
184	chr16	48800000	48840000	41	2
185	chr16	48880000	48920000	41	2
186	chr16	48960000	49000000	41	2
187	chr16	49040000	49200000	41	2
188	chr16	49400000	50640000	41	2
189	chr16	52120000	53920000	41	2
190	chr16	53960000	54000000	41	2
191	chr16	54040000	54120000	41	2
192	chr16	55000000	55480000	41	2
193	chr16	55520000	55600000	41	2
194	chr16	55640000	55720000	41	2
195	chr16	55760000	55840000	41	2
196	chr16	55880000	56000000	41	2
197	chr16	56040000	56080000	41	2
198	chr16	56120000	56280000	41	2
199	chr16	56320000	56440000	41	2
200	chr16	56480000	56560000	41	2
201	chr16	56600000	56720000	41	2
202	chr16	56760000	56800000	41	2
203	chr16	56840000	56880000	41	2
204	chr16	56920000	57040000	41	2
205	chr16	57080000	57240000	41	2
206	chr16	61880000	64880000	41	2
207	chr16	64920000	65400000	41	2
208	chr16	65440000	65760000	41	2
209	chr16	65800000	66000000	41	2
210	chr16	66040000	66080000	41	2
211	chr16	66120000	66200000	41	2
212	chr16	66240000	66280000	41	2
213	chr16	66320000	66360000	41	2
214	chr16	66400000	66520000	41	2
215	chr16	66560000	66640000	41	2
216	chr16	66680000	66800000	41	2
217	chr16	66840000	66880000	41	2
218	chr16	66920000	66960000	41	2
219	chr16	67000000	67080000	41	2
220	chr16	67120000	67280000	41	2
221	chr16	67320000	67360000	41	2
222	chr16	67400000	67440000	41	2
223	chr16	67480000	67680000	41	2
224	chr16	67720000	67880000	41	2
225	chr16	67920000	68280000	41	2
226	chr16	68320000	68480000	41	2
227	chr16	68640000	68720000	41	2
228	chr16	68880000	69000000	41	2
229	chr16	69040000	69200000	41	2
230	chr16	69240000	69360000	41	2
231	chr16	69400000	69440000	41	2
232	chr16	69480000	69560000	41	2
233	chr16	69600000	69640000	41	2
234	chr16	69680000	69720000	41	2
235	chr16	69840000	69880000	41	2
236	chr16	70000000	70040000	41	2
237	chr16	70160000	70200000	41	2
238	chr16	70240000	70560000	41	2
239	chr16	70600000	72840000	41	2
240	chr16	72880000	73200000	41	2
241	chr16	73240000	73280000	41	2
242	chr16	73320000	73360000	41	2
243	chr16	73400000	73440000	41	2
244	chr16	73480000	73520000	41	2
245	chr16	73560000	73680000	41	2
246	chr16	73720000	73760000	41	2
247	chr16	73800000	73960000	41	2
248	chr16	74000000	74120000	41	2
249	chr16	74160000	74200000	41	2
250	chr16	76040000	76080000	41	2
251	chr16	76200000	76240000	41	2
252	chr16	76280000	76320000	41	2
253	chr16	76360000	76440000	41	2
254	chr16	76480000	76520000	41	2
255	chr16	76840000	82480000	41	2
256	chr16	82560000	82640000	42	2
257	chr16	82680000	82760000	42	2
258	chr16	82800000	82920000	42	2
259	chr16	82960000	83000000	42	2
260	chr16	83080000	83160000	43	2
261	chr16	83200000	83280000	43	2
262	chr16	83320000	83520000	43	2
263	chr16	83560000	83600000	43	2
264	chr16	83680000	83840000	44	2
265	chr16	83880000	83960000	44	2
266	chr16	84000000	84200000	44	2
267	chr16	84240000	84280000	44	2
268	chr16	84440000	84480000	45	2
269	chr16	84520000	84560000	45	2
270	chr16	84600000	84640000	45	2
271	chr16	84680000	84760000	45	2
272	chr16	84800000	84960000	45	2
273	chr16	85000000	85040000	45	2
274	chr16	85160000	85200000	46	2
275	chr16	85240000	85280000	46	2
276	chr16	85320000	85360000	46	2
277	chr16	85400000	85640000	46	2
278	chr16	85680000	85720000	46	2
279	chr16	85760000	85840000	46	2
280	chr16	85920000	86000000	47	2
281	chr16	86040000	86120000	47	2
282	chr16	86160000	86240000	47	2
283	chr16	86280000	86320000	47	2
284	chr16	86360000	86400000	47	2
285	chr16	86560000	86600000	48	2
286	chr16	86640000	86680000	48	2
287	chr16	86720000	86760000	48	2
288	chr16	86800000	86960000	48	2
289	chr16	87000000	87120000	48	2
290	chr16	87160000	87200000	48	2
291	chr16	87440000	87480000	50	2
292	chr16	87520000	87680000	50	2
293	chr16	87720000	87760000	50	2
294	chr16	87920000	87960000	51	2
295	chr16	88000000	88080000	51	2
296	chr16	88240000	88440000	53	2
297	chr16	88520000	88600000	54	2
