1	chr15	18680000	19440000	-1	1
2	chr15	20440000	20800000	-1	1
3	chr15	21200000	26080000	-1	1
4	chr15	26880000	27000000	-1	1
5	chr15	27040000	27200000	-1	1
6	chr15	27240000	28200000	-1	1
7	chr15	28720000	29800000	-1	1
8	chr15	30200000	30240000	-1	1
9	chr15	30720000	31240000	-1	1
10	chr15	31280000	31800000	-1	1
11	chr15	31840000	32120000	-1	1
12	chr15	32160000	32480000	-1	1
13	chr15	32680000	33040000	-1	1
14	chr15	33080000	36040000	-1	1
15	chr15	36080000	36760000	-1	1
16	chr15	36800000	38080000	-1	1
17	chr15	38120000	38520000	-1	1
18	chr15	38560000	39480000	-1	1
19	chr15	39520000	40040000	-1	1
20	chr15	40080000	41240000	-1	1
21	chr15	41280000	41880000	-1	1
22	chr15	41920000	42640000	-1	1
23	chr15	42680000	42880000	-1	1
24	chr15	42920000	42960000	-1	1
25	chr15	43120000	43200000	-1	1
26	chr15	43240000	43800000	-1	1
27	chr15	45280000	46400000	-1	1
28	chr15	46440000	48440000	-1	1
29	chr15	48480000	49040000	-1	1
30	chr15	49080000	49600000	-1	1
31	chr15	49640000	49960000	-1	1
32	chr15	50000000	50840000	-1	1
33	chr15	53280000	54560000	-1	1
34	chr15	54600000	55640000	-1	1
35	chr15	55680000	55800000	-1	1
36	chr15	56320000	57760000	-1	1
37	chr15	57800000	59960000	-1	1
38	chr15	60000000	60080000	-1	1
39	chr15	60200000	60240000	-1	1
40	chr15	60360000	61680000	-1	1
41	chr15	61720000	62240000	-1	1
42	chr15	62280000	63400000	-1	1
43	chr15	63440000	64600000	-1	1
44	chr15	64640000	66320000	-1	1
45	chr15	66360000	67080000	-1	1
46	chr15	67120000	67560000	-1	1
47	chr15	67600000	68720000	-1	1
48	chr15	68760000	70280000	-1	1
49	chr15	70320000	72000000	-1	1
50	chr15	72040000	72440000	-1	1
51	chr15	72480000	73400000	-1	1
52	chr15	73440000	74040000	-1	1
53	chr15	74080000	75000000	-1	1
54	chr15	75040000	75720000	-1	1
55	chr15	75760000	75960000	-1	1
56	chr15	76000000	76840000	-1	1
57	chr15	76880000	77320000	-1	1
58	chr15	77360000	79080000	-1	1
59	chr15	79120000	80360000	-1	1
60	chr15	81040000	82600000	-1	1
61	chr15	82880000	83520000	-1	1
62	chr15	83640000	84160000	-1	1
63	chr15	84200000	86960000	-1	1
64	chr15	87000000	87240000	-1	1
65	chr15	87280000	87680000	-1	1
66	chr15	87720000	88600000	-1	1
67	chr15	88640000	89280000	-1	1
68	chr15	89320000	96840000	-1	1
69	chr15	96880000	97600000	-1	1
70	chr15	97640000	98120000	-1	1
71	chr15	98240000	98960000	-1	1
72	chr15	99000000	99640000	-1	1
73	chr15	99680000	100000000	-1	1
74	chr15	100040000	100240000	-1	1
