1	chr14	19200000	106400000	-1	1
2	chr14	19280000	38640000	1	2
3	chr14	38680000	39000000	1	2
4	chr14	41720000	41760000	1	2
5	chr14	49080000	49120000	1	2
6	chr14	49160000	49360000	1	2
7	chr14	49400000	49680000	1	2
8	chr14	49720000	50480000	1	2
9	chr14	50520000	50760000	1	2
10	chr14	50800000	51520000	1	2
11	chr14	51560000	54000000	1	2
12	chr14	54040000	54560000	1	2
13	chr14	54600000	54720000	1	2
14	chr14	54760000	56000000	1	2
15	chr14	56040000	57760000	1	2
16	chr14	57800000	57920000	1	2
17	chr14	57960000	59040000	1	2
18	chr14	59640000	64040000	1	2
19	chr14	64080000	65560000	1	2
20	chr14	66920000	68400000	1	2
21	chr14	68440000	68680000	1	2
22	chr14	68720000	69040000	1	2
23	chr14	69080000	69320000	1	2
24	chr14	69360000	70320000	1	2
25	chr14	70360000	70560000	1	2
26	chr14	70600000	71440000	1	2
27	chr14	71680000	71720000	1	2
28	chr14	71760000	71800000	1	2
29	chr14	71840000	71920000	1	2
30	chr14	72040000	72640000	1	2
31	chr14	72680000	73600000	1	2
32	chr14	73640000	74000000	1	2
33	chr14	74040000	74400000	1	2
34	chr14	74440000	75200000	1	2
35	chr14	75240000	76240000	1	2
36	chr14	76280000	76960000	1	2
37	chr14	77000000	77320000	1	2
38	chr14	77360000	78400000	1	2
39	chr14	78440000	80560000	1	2
40	chr14	80840000	80920000	1	2
41	chr14	81120000	87920000	1	2
42	chr14	87960000	88000000	1	2
43	chr14	88040000	88120000	1	2
44	chr14	88160000	89520000	1	2
45	chr14	89560000	89800000	1	2
46	chr14	89840000	90960000	1	2
47	chr14	91000000	91600000	1	2
48	chr14	91640000	92360000	1	2
49	chr14	92400000	99000000	1	2
50	chr14	99080000	99960000	1	2
51	chr14	100000000	101280000	1	2
52	chr14	101320000	104280000	1	2
53	chr14	104320000	105640000	1	2
54	chr14	19280000	38600000	2	3
55	chr14	30120000	38560000	54	4
