1	chr1	720000	800000	-1	1
2	chr1	840000	920000	-1	1
3	chr1	960000	1240000	-1	1
4	chr1	1360000	1840000	-1	1
5	chr1	1880000	2080000	-1	1
6	chr1	2120000	2320000	-1	1
7	chr1	2720000	6160000	-1	1
8	chr1	6200000	6440000	-1	1
9	chr1	6480000	6640000	-1	1
10	chr1	6680000	7920000	-1	1
11	chr1	7960000	8880000	-1	1
12	chr1	8920000	9600000	-1	1
13	chr1	9640000	10400000	-1	1
14	chr1	10440000	11000000	-1	1
15	chr1	11040000	11760000	-1	1
16	chr1	11800000	12040000	-1	1
17	chr1	12080000	12680000	-1	1
18	chr1	13680000	15320000	-1	1
19	chr1	15360000	15720000	-1	1
20	chr1	15760000	15960000	-1	1
21	chr1	16000000	16680000	-1	1
22	chr1	16720000	17160000	-1	1
23	chr1	17200000	17640000	-1	1
24	chr1	17680000	19080000	-1	1
25	chr1	19120000	19440000	-1	1
26	chr1	19480000	19880000	-1	1
27	chr1	19920000	20720000	-1	1
28	chr1	20760000	21880000	-1	1
29	chr1	21920000	22280000	-1	1
30	chr1	22320000	23160000	-1	1
31	chr1	23200000	23960000	-1	1
32	chr1	24000000	25440000	-1	1
33	chr1	25480000	26040000	-1	1
34	chr1	26080000	26680000	-1	1
35	chr1	26720000	27120000	-1	1
36	chr1	27160000	28000000	-1	1
37	chr1	28040000	28840000	-1	1
38	chr1	28880000	29440000	-1	1
39	chr1	29480000	30960000	-1	1
40	chr1	31000000	31200000	-1	1
41	chr1	31240000	31880000	-1	1
42	chr1	31920000	32440000	-1	1
43	chr1	32480000	33320000	-1	1
44	chr1	33360000	33720000	-1	1
45	chr1	33760000	33880000	-1	1
46	chr1	33920000	35000000	-1	1
47	chr1	35040000	35080000	-1	1
48	chr1	35120000	36320000	-1	1
49	chr1	36360000	36720000	-1	1
50	chr1	36760000	38040000	-1	1
51	chr1	38080000	38280000	-1	1
52	chr1	38320000	39080000	-1	1
53	chr1	39120000	39320000	-1	1
54	chr1	39360000	39800000	-1	1
55	chr1	39840000	40280000	-1	1
56	chr1	40320000	40760000	-1	1
57	chr1	40800000	41240000	-1	1
58	chr1	41280000	41480000	-1	1
59	chr1	41520000	43000000	-1	1
60	chr1	43040000	43440000	-1	1
61	chr1	43480000	44280000	-1	1
62	chr1	44320000	44960000	-1	1
63	chr1	45000000	45800000	-1	1
64	chr1	45840000	46560000	-1	1
65	chr1	46600000	120080000	-1	1
66	chr1	120120000	120440000	-1	1
67	chr1	141760000	141960000	-1	1
68	chr1	142160000	142200000	-1	1
69	chr1	142320000	142400000	-1	1
70	chr1	143560000	143840000	-1	1
71	chr1	144120000	144480000	-1	1
72	chr1	145000000	145880000	-1	1
73	chr1	148120000	148480000	-1	1
74	chr1	148520000	149280000	-1	1
75	chr1	149320000	149520000	-1	1
76	chr1	149560000	150280000	-1	1
77	chr1	151520000	151560000	-1	1
78	chr1	151600000	151760000	-1	1
79	chr1	151800000	152440000	-1	1
80	chr1	152480000	153440000	-1	1
81	chr1	153480000	154320000	-1	1
82	chr1	154360000	154600000	-1	1
83	chr1	154640000	154880000	-1	1
84	chr1	154920000	155160000	-1	1
85	chr1	155200000	247200000	-1	1
86	chr1	3280000	3320000	7	2
87	chr1	3360000	3400000	7	2
88	chr1	3520000	3560000	7	2
89	chr1	3600000	3680000	7	2
90	chr1	3720000	3760000	7	2
91	chr1	3920000	5880000	7	2
92	chr1	5920000	5960000	7	2
93	chr1	6040000	6120000	7	2
94	chr1	6720000	7280000	10	2
95	chr1	7320000	7360000	10	2
96	chr1	7400000	7640000	10	2
97	chr1	7680000	7760000	10	2
98	chr1	7800000	7880000	10	2
99	chr1	7960000	8560000	11	2
100	chr1	8600000	8640000	11	2
101	chr1	8680000	8720000	11	2
102	chr1	8760000	8840000	11	2
103	chr1	8920000	9560000	12	2
104	chr1	9640000	10240000	13	2
105	chr1	10280000	10360000	13	2
106	chr1	11040000	11640000	15	2
107	chr1	11680000	11720000	15	2
108	chr1	14600000	14640000	18	2
109	chr1	14680000	14720000	18	2
110	chr1	14760000	14800000	18	2
111	chr1	14960000	15280000	18	2
112	chr1	16000000	16640000	21	2
113	chr1	17720000	18280000	24	2
114	chr1	18320000	18360000	24	2
115	chr1	18440000	18640000	24	2
116	chr1	18680000	18720000	24	2
117	chr1	18760000	18800000	24	2
118	chr1	18840000	18960000	24	2
119	chr1	19000000	19040000	24	2
120	chr1	19920000	20560000	27	2
121	chr1	20600000	20680000	27	2
122	chr1	20760000	21400000	28	2
123	chr1	21440000	21560000	28	2
124	chr1	21600000	21840000	28	2
125	chr1	22320000	22920000	30	2
126	chr1	22960000	23040000	30	2
127	chr1	23080000	23120000	30	2
128	chr1	23200000	23800000	31	2
129	chr1	23840000	23920000	31	2
130	chr1	24000000	24600000	32	2
131	chr1	24640000	24720000	32	2
132	chr1	24760000	24840000	32	2
133	chr1	24880000	24920000	32	2
134	chr1	24960000	25040000	32	2
135	chr1	25080000	25400000	32	2
136	chr1	27160000	27760000	36	2
137	chr1	27800000	27880000	36	2
138	chr1	27920000	27960000	36	2
139	chr1	28040000	28640000	37	2
140	chr1	28680000	28720000	37	2
141	chr1	28760000	28800000	37	2
142	chr1	29560000	30560000	39	2
143	chr1	30600000	30640000	39	2
144	chr1	30680000	30760000	39	2
145	chr1	30800000	30920000	39	2
146	chr1	31240000	31840000	41	2
147	chr1	32480000	33080000	43	2
148	chr1	33120000	33160000	43	2
149	chr1	33200000	33280000	43	2
150	chr1	33920000	34960000	46	2
151	chr1	35120000	35720000	48	2
152	chr1	35760000	35800000	48	2
153	chr1	35840000	35960000	48	2
154	chr1	36000000	36040000	48	2
155	chr1	36080000	36120000	48	2
156	chr1	36160000	36200000	48	2
157	chr1	36240000	36280000	48	2
158	chr1	36760000	37680000	50	2
159	chr1	37720000	37760000	50	2
160	chr1	37800000	37840000	50	2
161	chr1	37880000	37920000	50	2
162	chr1	37960000	38000000	50	2
163	chr1	38320000	38960000	52	2
164	chr1	41840000	42120000	59	2
165	chr1	42160000	42200000	59	2
166	chr1	42240000	42280000	59	2
167	chr1	42320000	42360000	59	2
168	chr1	42400000	42880000	59	2
169	chr1	42920000	42960000	59	2
170	chr1	43480000	44080000	61	2
171	chr1	44120000	44240000	61	2
172	chr1	44320000	44920000	62	2
173	chr1	45000000	45600000	63	2
174	chr1	45640000	45680000	63	2
175	chr1	45720000	45760000	63	2
176	chr1	45840000	46440000	64	2
177	chr1	46640000	47200000	65	2
178	chr1	47440000	47520000	65	2
179	chr1	47560000	47600000	65	2
180	chr1	47640000	47680000	65	2
181	chr1	47720000	47760000	65	2
182	chr1	47800000	47880000	65	2
183	chr1	47920000	47960000	65	2
184	chr1	48080000	48160000	65	2
185	chr1	48880000	48920000	65	2
186	chr1	48960000	49000000	65	2
187	chr1	50440000	51560000	65	2
188	chr1	51600000	52480000	65	2
189	chr1	52520000	52600000	65	2
190	chr1	52640000	52680000	65	2
191	chr1	52720000	52920000	65	2
192	chr1	52960000	53000000	65	2
193	chr1	53040000	53080000	65	2
194	chr1	53120000	53160000	65	2
195	chr1	53200000	53240000	65	2
196	chr1	53280000	53480000	65	2
197	chr1	53520000	53680000	65	2
198	chr1	53720000	53760000	65	2
199	chr1	53800000	53840000	65	2
200	chr1	53880000	53920000	65	2
201	chr1	53960000	54000000	65	2
202	chr1	54040000	54080000	65	2
203	chr1	54120000	54240000	65	2
204	chr1	54280000	54320000	65	2
205	chr1	54360000	54480000	65	2
206	chr1	54520000	54640000	65	2
207	chr1	54680000	54720000	65	2
208	chr1	54760000	54800000	65	2
209	chr1	54840000	54880000	65	2
210	chr1	54920000	54960000	65	2
211	chr1	55000000	55040000	65	2
212	chr1	55080000	55120000	65	2
213	chr1	55160000	55280000	65	2
214	chr1	55320000	55360000	65	2
215	chr1	55400000	55440000	65	2
216	chr1	55480000	55520000	65	2
217	chr1	55560000	56960000	65	2
218	chr1	57080000	58760000	65	2
219	chr1	58800000	58920000	65	2
220	chr1	58960000	59040000	65	2
221	chr1	59080000	59120000	65	2
222	chr1	59160000	59200000	65	2
223	chr1	59240000	59280000	65	2
224	chr1	59320000	60000000	65	2
225	chr1	61160000	62160000	65	2
226	chr1	62480000	62520000	65	2
227	chr1	62560000	62640000	65	2
228	chr1	62720000	63000000	65	2
229	chr1	63040000	63080000	65	2
230	chr1	63600000	63680000	65	2
231	chr1	63720000	63760000	65	2
232	chr1	63840000	64520000	65	2
233	chr1	64600000	64640000	65	2
234	chr1	64680000	64920000	65	2
235	chr1	65120000	65280000	65	2
236	chr1	65400000	65440000	65	2
237	chr1	65720000	65760000	65	2
238	chr1	66040000	66080000	65	2
239	chr1	66520000	66680000	65	2
240	chr1	66720000	66760000	65	2
241	chr1	66800000	66880000	65	2
242	chr1	66920000	66960000	65	2
243	chr1	67200000	67400000	65	2
244	chr1	67520000	67560000	65	2
245	chr1	67600000	67760000	65	2
246	chr1	67800000	67920000	65	2
247	chr1	67960000	68000000	65	2
248	chr1	68040000	68080000	65	2
249	chr1	68120000	68360000	65	2
250	chr1	68400000	68600000	65	2
251	chr1	68640000	68680000	65	2
252	chr1	70440000	70480000	65	2
253	chr1	70520000	70560000	65	2
254	chr1	70680000	70720000	65	2
255	chr1	76000000	76040000	65	2
256	chr1	77480000	77520000	65	2
257	chr1	77560000	77600000	65	2
258	chr1	77640000	77800000	65	2
259	chr1	77840000	77920000	65	2
260	chr1	77960000	78080000	65	2
261	chr1	78120000	78160000	65	2
262	chr1	78200000	78240000	65	2
263	chr1	78280000	78360000	65	2
264	chr1	78400000	78920000	65	2
265	chr1	78960000	79000000	65	2
266	chr1	84200000	84240000	65	2
267	chr1	84560000	84600000	65	2
268	chr1	84640000	84680000	65	2
269	chr1	84800000	84840000	65	2
270	chr1	84880000	84920000	65	2
271	chr1	84960000	85000000	65	2
272	chr1	85040000	85520000	65	2
273	chr1	85560000	85640000	65	2
274	chr1	85680000	85720000	65	2
275	chr1	85760000	85840000	65	2
276	chr1	85880000	85960000	65	2
277	chr1	86680000	86720000	65	2
278	chr1	86840000	86880000	65	2
279	chr1	87040000	87160000	65	2
280	chr1	87440000	87480000	65	2
281	chr1	87520000	87560000	65	2
282	chr1	87960000	88000000	65	2
283	chr1	88960000	89120000	65	2
284	chr1	89880000	90040000	65	2
285	chr1	90080000	90240000	65	2
286	chr1	91160000	91200000	65	2
287	chr1	91800000	91880000	65	2
288	chr1	91920000	91960000	65	2
289	chr1	92000000	92080000	65	2
290	chr1	92120000	92160000	65	2
291	chr1	92200000	92240000	65	2
292	chr1	92280000	92560000	65	2
293	chr1	92600000	92880000	65	2
294	chr1	92920000	93080000	65	2
295	chr1	93120000	93240000	65	2
296	chr1	93280000	93320000	65	2
297	chr1	93360000	93400000	65	2
298	chr1	93440000	93480000	65	2
299	chr1	93520000	93840000	65	2
300	chr1	93880000	94080000	65	2
301	chr1	94200000	94240000	65	2
302	chr1	94280000	94320000	65	2
303	chr1	94360000	94480000	65	2
304	chr1	94520000	94560000	65	2
305	chr1	94600000	94640000	65	2
306	chr1	94680000	95320000	65	2
307	chr1	99800000	99880000	65	2
308	chr1	100040000	100080000	65	2
309	chr1	100120000	100200000	65	2
310	chr1	100240000	100280000	65	2
311	chr1	100320000	100360000	65	2
312	chr1	100400000	100440000	65	2
313	chr1	100640000	100680000	65	2
314	chr1	100720000	101120000	65	2
315	chr1	101160000	101560000	65	2
316	chr1	108880000	109280000	65	2
317	chr1	109320000	109360000	65	2
318	chr1	109400000	109440000	65	2
319	chr1	109480000	109600000	65	2
320	chr1	109640000	109840000	65	2
321	chr1	109880000	110360000	65	2
322	chr1	110400000	110440000	65	2
323	chr1	110480000	110520000	65	2
324	chr1	110560000	110800000	65	2
325	chr1	110920000	111000000	65	2
326	chr1	111040000	111080000	65	2
327	chr1	111120000	111160000	65	2
328	chr1	111600000	111640000	65	2
329	chr1	111880000	112040000	65	2
330	chr1	112080000	112120000	65	2
331	chr1	112160000	112560000	65	2
332	chr1	112760000	113080000	65	2
333	chr1	113120000	113160000	65	2
334	chr1	113200000	113280000	65	2
335	chr1	113320000	113400000	65	2
336	chr1	113480000	114040000	65	2
337	chr1	114080000	114120000	65	2
338	chr1	114160000	114320000	65	2
339	chr1	114360000	114640000	65	2
340	chr1	114680000	114720000	65	2
341	chr1	114760000	114840000	65	2
342	chr1	114880000	114920000	65	2
343	chr1	115160000	118320000	65	2
344	chr1	145480000	145600000	72	2
345	chr1	145800000	145840000	72	2
346	chr1	148520000	149120000	74	2
347	chr1	149160000	149240000	74	2
348	chr1	149560000	150160000	76	2
349	chr1	150200000	150240000	76	2
350	chr1	151800000	152400000	79	2
351	chr1	152480000	153080000	80	2
352	chr1	153120000	153160000	80	2
353	chr1	153200000	153320000	80	2
354	chr1	153360000	153400000	80	2
355	chr1	153480000	154080000	81	2
356	chr1	154120000	154160000	81	2
357	chr1	154200000	154280000	81	2
358	chr1	155760000	155800000	85	2
359	chr1	156000000	156040000	85	2
360	chr1	156240000	156360000	85	2
361	chr1	157400000	157440000	85	2
362	chr1	158040000	158400000	85	2
363	chr1	158480000	158520000	85	2
364	chr1	158560000	158600000	85	2
365	chr1	158880000	158920000	85	2
366	chr1	158960000	159000000	85	2
367	chr1	159040000	159680000	85	2
368	chr1	159960000	161080000	85	2
369	chr1	161120000	161320000	85	2
370	chr1	161360000	161400000	85	2
371	chr1	161440000	161560000	85	2
372	chr1	161640000	161680000	85	2
373	chr1	162800000	162840000	85	2
374	chr1	162960000	163000000	85	2
375	chr1	163480000	163520000	85	2
376	chr1	163640000	163840000	85	2
377	chr1	163880000	163920000	85	2
378	chr1	163960000	164000000	85	2
379	chr1	164040000	164080000	85	2
380	chr1	164120000	164160000	85	2
381	chr1	164280000	164320000	85	2
382	chr1	165360000	165440000	85	2
383	chr1	165560000	165600000	85	2
384	chr1	165720000	165760000	85	2
385	chr1	165800000	165960000	85	2
386	chr1	166000000	166040000	85	2
387	chr1	166080000	166200000	85	2
388	chr1	166240000	166320000	85	2
389	chr1	166360000	166400000	85	2
390	chr1	166440000	166480000	85	2
391	chr1	166520000	166560000	85	2
392	chr1	166680000	166720000	85	2
393	chr1	167320000	167360000	85	2
394	chr1	167800000	167840000	85	2
395	chr1	167880000	169720000	85	2
396	chr1	169880000	170240000	85	2
397	chr1	170280000	170640000	85	2
398	chr1	170680000	170720000	85	2
399	chr1	170800000	170960000	85	2
400	chr1	171000000	171040000	85	2
401	chr1	171080000	171440000	85	2
402	chr1	171480000	171520000	85	2
403	chr1	171640000	171680000	85	2
404	chr1	171720000	171760000	85	2
405	chr1	171800000	171840000	85	2
406	chr1	172080000	172160000	85	2
407	chr1	172200000	172240000	85	2
408	chr1	172280000	172320000	85	2
409	chr1	172360000	172400000	85	2
410	chr1	173080000	173120000	85	2
411	chr1	175080000	175120000	85	2
412	chr1	175160000	176200000	85	2
413	chr1	176240000	176520000	85	2
414	chr1	176560000	176800000	85	2
415	chr1	176840000	177000000	85	2
416	chr1	177040000	177160000	85	2
417	chr1	177200000	177240000	85	2
418	chr1	177280000	177320000	85	2
419	chr1	177360000	177440000	85	2
420	chr1	177480000	177520000	85	2
421	chr1	177560000	177600000	85	2
422	chr1	177640000	177680000	85	2
423	chr1	178000000	178040000	85	2
424	chr1	178080000	178120000	85	2
425	chr1	178160000	178200000	85	2
426	chr1	178240000	178280000	85	2
427	chr1	178320000	178400000	85	2
428	chr1	178440000	178480000	85	2
429	chr1	178520000	178720000	85	2
430	chr1	178760000	179120000	85	2
431	chr1	179160000	179240000	85	2
432	chr1	179280000	179320000	85	2
433	chr1	179360000	179400000	85	2
434	chr1	179480000	179560000	85	2
435	chr1	180680000	180720000	85	2
436	chr1	180840000	181080000	85	2
437	chr1	181120000	181160000	85	2
438	chr1	181200000	181360000	85	2
439	chr1	181400000	181520000	85	2
440	chr1	181560000	181600000	85	2
441	chr1	181640000	181760000	85	2
442	chr1	181800000	181840000	85	2
443	chr1	181880000	182160000	85	2
444	chr1	182200000	182320000	85	2
445	chr1	182360000	182400000	85	2
446	chr1	182440000	182480000	85	2
447	chr1	182520000	182640000	85	2
448	chr1	182680000	182720000	85	2
449	chr1	182760000	182840000	85	2
450	chr1	182880000	182920000	85	2
451	chr1	182960000	183000000	85	2
452	chr1	183040000	183440000	85	2
453	chr1	183520000	183560000	85	2
454	chr1	183600000	183680000	85	2
455	chr1	183720000	183760000	85	2
456	chr1	183800000	183840000	85	2
457	chr1	183960000	184520000	85	2
458	chr1	184560000	184600000	85	2
459	chr1	184760000	184800000	85	2
460	chr1	188400000	188440000	85	2
461	chr1	190760000	190840000	85	2
462	chr1	190920000	190960000	85	2
463	chr1	191320000	191360000	85	2
464	chr1	191480000	191560000	85	2
465	chr1	191600000	191640000	85	2
466	chr1	195960000	196000000	85	2
467	chr1	196040000	196080000	85	2
468	chr1	196280000	196320000	85	2
469	chr1	196360000	196400000	85	2
470	chr1	196440000	196520000	85	2
471	chr1	196560000	196600000	85	2
472	chr1	196840000	196880000	85	2
473	chr1	197000000	197840000	85	2
474	chr1	197960000	198320000	85	2
475	chr1	198360000	198400000	85	2
476	chr1	198440000	198480000	85	2
477	chr1	198520000	198760000	85	2
478	chr1	198800000	198840000	85	2
479	chr1	198880000	199120000	85	2
480	chr1	199160000	199360000	85	2
481	chr1	199400000	199480000	85	2
482	chr1	199520000	199680000	85	2
483	chr1	199720000	199760000	85	2
484	chr1	199800000	199920000	85	2
485	chr1	199960000	200040000	85	2
486	chr1	200080000	200120000	85	2
487	chr1	200160000	200200000	85	2
488	chr1	200240000	200400000	85	2
489	chr1	200440000	200480000	85	2
490	chr1	200520000	200600000	85	2
491	chr1	200640000	200680000	85	2
492	chr1	200720000	200880000	85	2
493	chr1	200920000	200960000	85	2
494	chr1	201000000	201120000	85	2
495	chr1	201160000	201200000	85	2
496	chr1	201240000	201280000	85	2
497	chr1	201320000	201480000	85	2
498	chr1	201520000	201720000	85	2
499	chr1	201760000	201880000	85	2
500	chr1	201920000	201960000	85	2
501	chr1	202000000	202040000	85	2
502	chr1	202080000	202120000	85	2
503	chr1	202160000	202400000	85	2
504	chr1	202440000	202640000	85	2
505	chr1	202680000	202760000	85	2
506	chr1	202800000	203080000	85	2
507	chr1	203120000	203160000	85	2
508	chr1	203200000	203240000	85	2
509	chr1	203280000	204000000	85	2
510	chr1	204760000	206200000	85	2
511	chr1	206240000	206520000	85	2
512	chr1	206640000	206680000	85	2
513	chr1	207600000	207720000	85	2
514	chr1	207840000	208000000	85	2
515	chr1	208040000	208080000	85	2
516	chr1	208120000	208240000	85	2
517	chr1	208400000	208560000	85	2
518	chr1	208640000	208680000	85	2
519	chr1	208720000	209400000	85	2
520	chr1	209440000	209480000	85	2
521	chr1	209560000	209680000	85	2
522	chr1	209720000	209800000	85	2
523	chr1	209840000	209880000	85	2
524	chr1	209920000	209960000	85	2
525	chr1	210000000	210080000	85	2
526	chr1	210120000	210160000	85	2
527	chr1	210320000	210720000	85	2
528	chr1	210760000	210840000	85	2
529	chr1	210880000	211320000	85	2
530	chr1	212000000	212040000	85	2
531	chr1	212480000	213960000	85	2
532	chr1	214120000	214160000	85	2
533	chr1	215280000	215320000	85	2
534	chr1	216560000	217920000	85	2
535	chr1	218080000	218160000	85	2
536	chr1	218280000	218440000	85	2
537	chr1	219000000	219040000	85	2
538	chr1	219080000	219720000	85	2
539	chr1	219760000	219800000	85	2
540	chr1	220000000	220280000	85	2
541	chr1	220320000	220480000	85	2
542	chr1	220520000	220720000	85	2
543	chr1	221160000	221240000	85	2
544	chr1	221360000	221960000	85	2
545	chr1	222000000	222040000	85	2
546	chr1	222080000	222160000	85	2
547	chr1	222320000	222600000	85	2
548	chr1	222640000	222720000	85	2
549	chr1	222760000	222920000	85	2
550	chr1	222960000	223120000	85	2
551	chr1	223160000	223200000	85	2
552	chr1	223680000	223720000	85	2
553	chr1	223760000	224280000	85	2
554	chr1	224320000	232960000	85	2
555	chr1	233000000	233120000	85	2
556	chr1	233160000	233320000	85	2
557	chr1	233360000	233400000	85	2
558	chr1	233440000	233560000	85	2
559	chr1	233600000	233720000	85	2
560	chr1	233760000	234040000	85	2
561	chr1	234080000	234320000	85	2
562	chr1	238240000	239880000	85	2
563	chr1	240080000	240120000	85	2
564	chr1	241440000	242520000	85	2
565	chr1	242560000	243320000	85	2
566	chr1	243360000	244360000	85	2
567	chr1	244760000	245200000	85	2
568	chr1	245240000	245400000	85	2
569	chr1	245520000	245560000	85	2
570	chr1	247120000	247160000	85	2
