1	chr19	640000	760000	-1	1
2	chr19	1000000	1040000	-1	1
3	chr19	1400000	1760000	-1	1
4	chr19	1920000	2400000	-1	1
5	chr19	2520000	3240000	-1	1
6	chr19	3280000	3440000	-1	1
7	chr19	3480000	3640000	-1	1
8	chr19	3680000	3920000	-1	1
9	chr19	3960000	4200000	-1	1
10	chr19	4240000	4440000	-1	1
11	chr19	4480000	4680000	-1	1
12	chr19	4720000	5640000	-1	1
13	chr19	5760000	5920000	-1	1
14	chr19	5960000	6360000	-1	1
15	chr19	6400000	9840000	-1	1
16	chr19	9880000	10400000	-1	1
17	chr19	10440000	10840000	-1	1
18	chr19	10880000	11560000	-1	1
19	chr19	11600000	12640000	-1	1
20	chr19	12680000	12920000	-1	1
21	chr19	13040000	13840000	-1	1
22	chr19	13880000	14440000	-1	1
23	chr19	14560000	16160000	-1	1
24	chr19	16200000	16520000	-1	1
25	chr19	16560000	16600000	-1	1
26	chr19	16640000	17160000	-1	1
27	chr19	17280000	18040000	-1	1
28	chr19	18080000	18320000	-1	1
29	chr19	18440000	19000000	-1	1
30	chr19	19040000	19480000	-1	1
31	chr19	19520000	19600000	-1	1
32	chr19	19640000	24160000	-1	1
33	chr19	32440000	63840000	-1	1
34	chr19	2520000	3000000	5	2
35	chr19	3040000	3120000	5	2
36	chr19	3160000	3200000	5	2
37	chr19	4720000	5200000	12	2
38	chr19	5240000	5320000	12	2
39	chr19	5360000	5440000	12	2
40	chr19	5480000	5520000	12	2
41	chr19	5560000	5600000	12	2
42	chr19	6400000	7000000	15	2
43	chr19	7040000	7320000	15	2
44	chr19	7360000	7520000	15	2
45	chr19	7560000	7800000	15	2
46	chr19	7960000	8200000	15	2
47	chr19	8320000	8560000	15	2
48	chr19	8720000	8960000	15	2
49	chr19	9000000	9040000	15	2
50	chr19	9080000	9800000	15	2
51	chr19	9880000	10360000	16	2
52	chr19	10880000	11440000	18	2
53	chr19	11640000	12160000	19	2
54	chr19	12200000	12360000	19	2
55	chr19	12400000	12440000	19	2
56	chr19	12480000	12520000	19	2
57	chr19	12560000	12600000	19	2
58	chr19	13280000	13520000	21	2
59	chr19	13560000	13640000	21	2
60	chr19	13680000	13720000	21	2
61	chr19	13760000	13800000	21	2
62	chr19	14360000	14400000	22	2
63	chr19	15080000	15240000	23	2
64	chr19	15280000	15360000	23	2
65	chr19	15480000	15560000	23	2
66	chr19	16040000	16120000	23	2
67	chr19	16640000	17120000	26	2
68	chr19	17360000	17840000	27	2
69	chr19	17880000	17920000	27	2
70	chr19	17960000	18000000	27	2
71	chr19	18920000	18960000	29	2
72	chr19	21440000	21480000	32	2
73	chr19	23280000	23320000	32	2
74	chr19	23520000	23560000	32	2
75	chr19	24080000	24120000	32	2
76	chr19	34080000	34120000	33	2
77	chr19	34160000	34200000	33	2
78	chr19	34520000	34560000	33	2
79	chr19	35160000	35200000	33	2
80	chr19	35440000	35480000	33	2
81	chr19	36000000	36040000	33	2
82	chr19	36320000	36480000	33	2
83	chr19	36600000	36640000	33	2
84	chr19	37480000	37520000	33	2
85	chr19	37560000	37600000	33	2
86	chr19	37880000	37920000	33	2
87	chr19	38080000	38120000	33	2
88	chr19	38160000	38400000	33	2
89	chr19	38440000	39240000	33	2
90	chr19	39280000	39320000	33	2
91	chr19	39360000	39400000	33	2
92	chr19	39440000	39480000	33	2
93	chr19	39520000	39560000	33	2
94	chr19	39600000	39680000	33	2
95	chr19	39960000	40000000	33	2
96	chr19	40040000	40080000	33	2
97	chr19	40120000	40160000	33	2
98	chr19	40200000	40240000	33	2
99	chr19	40280000	40360000	33	2
100	chr19	40400000	40440000	33	2
101	chr19	40480000	40720000	33	2
102	chr19	40760000	40840000	33	2
103	chr19	40880000	40920000	33	2
104	chr19	40960000	41120000	33	2
105	chr19	41160000	41200000	33	2
106	chr19	41240000	41360000	33	2
107	chr19	41520000	41560000	33	2
108	chr19	41600000	41960000	33	2
109	chr19	42000000	42040000	33	2
110	chr19	42200000	42240000	33	2
111	chr19	42280000	42360000	33	2
112	chr19	42400000	42440000	33	2
113	chr19	42560000	42600000	33	2
114	chr19	42720000	42800000	33	2
115	chr19	42920000	42960000	33	2
116	chr19	43000000	43080000	33	2
117	chr19	43120000	43200000	33	2
118	chr19	43240000	43280000	33	2
119	chr19	43320000	43400000	33	2
120	chr19	43440000	43560000	33	2
121	chr19	43600000	43640000	33	2
122	chr19	43680000	43800000	33	2
123	chr19	43840000	43920000	33	2
124	chr19	43960000	44080000	33	2
125	chr19	44200000	44240000	33	2
126	chr19	44280000	44360000	33	2
127	chr19	44400000	44440000	33	2
128	chr19	44480000	44520000	33	2
129	chr19	44560000	44600000	33	2
130	chr19	44640000	44680000	33	2
131	chr19	44720000	44760000	33	2
132	chr19	44880000	44920000	33	2
133	chr19	44960000	45000000	33	2
134	chr19	45120000	45320000	33	2
135	chr19	45360000	45400000	33	2
136	chr19	45440000	45560000	33	2
137	chr19	45600000	45680000	33	2
138	chr19	45840000	46040000	33	2
139	chr19	46080000	46280000	33	2
140	chr19	46320000	46360000	33	2
141	chr19	46400000	46520000	33	2
142	chr19	46560000	46600000	33	2
143	chr19	46640000	46800000	33	2
144	chr19	46840000	46880000	33	2
145	chr19	46920000	46960000	33	2
146	chr19	47000000	47080000	33	2
147	chr19	47240000	47520000	33	2
148	chr19	47560000	47640000	33	2
149	chr19	47680000	47720000	33	2
150	chr19	47880000	48280000	33	2
151	chr19	48320000	48400000	33	2
152	chr19	48520000	48640000	33	2
153	chr19	48680000	48720000	33	2
154	chr19	48760000	48800000	33	2
155	chr19	48840000	48880000	33	2
156	chr19	48920000	48960000	33	2
157	chr19	49000000	49040000	33	2
158	chr19	49080000	49120000	33	2
159	chr19	49240000	49360000	33	2
160	chr19	49400000	49440000	33	2
161	chr19	49480000	49520000	33	2
162	chr19	49560000	49600000	33	2
163	chr19	49640000	49680000	33	2
164	chr19	49720000	49760000	33	2
165	chr19	49800000	49880000	33	2
166	chr19	49920000	50000000	33	2
167	chr19	50040000	50080000	33	2
168	chr19	50120000	50160000	33	2
169	chr19	50200000	50240000	33	2
170	chr19	50280000	50520000	33	2
171	chr19	50560000	50600000	33	2
172	chr19	50640000	50680000	33	2
173	chr19	50720000	50760000	33	2
174	chr19	50800000	50840000	33	2
175	chr19	50880000	50920000	33	2
176	chr19	50960000	51000000	33	2
177	chr19	51040000	51080000	33	2
178	chr19	51120000	51200000	33	2
179	chr19	51240000	51280000	33	2
180	chr19	51320000	51440000	33	2
181	chr19	51480000	51520000	33	2
182	chr19	51560000	51720000	33	2
183	chr19	51760000	51800000	33	2
184	chr19	51840000	51920000	33	2
185	chr19	51960000	52080000	33	2
186	chr19	52120000	63800000	33	2
