1	chr2	0	86960000	-1	1
2	chr2	88440000	88560000	-1	1
3	chr2	88600000	88760000	-1	1
4	chr2	88800000	88840000	-1	1
5	chr2	89280000	89400000	-1	1
6	chr2	91120000	91200000	-1	1
7	chr2	95240000	95840000	-1	1
8	chr2	96000000	97160000	-1	1
9	chr2	97440000	101200000	-1	1
10	chr2	101240000	102400000	-1	1
11	chr2	105080000	106360000	-1	1
12	chr2	108240000	108720000	-1	1
13	chr2	108760000	109800000	-1	1
14	chr2	110120000	110320000	-1	1
15	chr2	111160000	111560000	-1	1
16	chr2	111600000	111680000	-1	1
17	chr2	111960000	112160000	-1	1
18	chr2	112280000	113040000	-1	1
19	chr2	113080000	113480000	-1	1
20	chr2	113520000	113840000	-1	1
21	chr2	114120000	242680000	-1	1
22	chr2	0	1480000	1	2
23	chr2	1520000	1600000	1	2
24	chr2	1640000	1720000	1	2
25	chr2	1760000	1800000	1	2
26	chr2	1840000	3320000	1	2
27	chr2	3360000	3440000	1	2
28	chr2	3560000	3640000	1	2
29	chr2	3680000	3720000	1	2
30	chr2	3760000	7080000	1	2
31	chr2	7120000	8800000	1	2
32	chr2	8920000	9080000	1	2
33	chr2	9120000	9160000	1	2
34	chr2	9200000	9240000	1	2
35	chr2	9280000	9320000	1	2
36	chr2	9360000	9400000	1	2
37	chr2	9440000	9520000	1	2
38	chr2	9560000	9600000	1	2
39	chr2	9640000	9800000	1	2
40	chr2	9840000	10080000	1	2
41	chr2	10120000	10160000	1	2
42	chr2	10200000	10240000	1	2
43	chr2	10280000	10320000	1	2
44	chr2	10360000	10440000	1	2
45	chr2	10480000	10720000	1	2
46	chr2	10760000	10840000	1	2
47	chr2	10880000	10920000	1	2
48	chr2	10960000	11040000	1	2
49	chr2	11080000	11120000	1	2
50	chr2	11160000	11240000	1	2
51	chr2	11280000	11320000	1	2
52	chr2	11360000	11480000	1	2
53	chr2	11520000	11680000	1	2
54	chr2	11720000	11800000	1	2
55	chr2	11840000	11880000	1	2
56	chr2	12040000	12080000	1	2
57	chr2	12120000	12200000	1	2
58	chr2	12240000	12280000	1	2
59	chr2	12320000	12520000	1	2
60	chr2	12560000	12600000	1	2
61	chr2	12640000	12720000	1	2
62	chr2	12760000	13000000	1	2
63	chr2	15680000	16800000	1	2
64	chr2	17640000	17720000	1	2
65	chr2	17760000	18400000	1	2
66	chr2	18440000	18760000	1	2
67	chr2	18800000	18880000	1	2
68	chr2	18920000	19400000	1	2
69	chr2	19440000	19480000	1	2
70	chr2	19520000	19560000	1	2
71	chr2	19600000	19680000	1	2
72	chr2	19720000	19920000	1	2
73	chr2	19960000	20040000	1	2
74	chr2	20080000	20120000	1	2
75	chr2	20160000	20200000	1	2
76	chr2	20240000	20320000	1	2
77	chr2	20360000	20400000	1	2
78	chr2	20440000	20480000	1	2
79	chr2	20520000	20680000	1	2
80	chr2	20720000	21040000	1	2
81	chr2	21080000	23400000	1	2
82	chr2	23440000	23520000	1	2
83	chr2	23560000	23640000	1	2
84	chr2	23680000	23840000	1	2
85	chr2	23880000	23960000	1	2
86	chr2	24000000	24040000	1	2
87	chr2	24080000	24120000	1	2
88	chr2	24160000	24240000	1	2
89	chr2	24280000	24440000	1	2
90	chr2	24480000	24880000	1	2
91	chr2	24920000	25000000	1	2
92	chr2	25040000	25280000	1	2
93	chr2	25320000	25360000	1	2
94	chr2	25400000	25440000	1	2
95	chr2	25480000	25520000	1	2
96	chr2	25560000	25600000	1	2
97	chr2	25640000	25720000	1	2
98	chr2	25760000	25800000	1	2
99	chr2	25840000	25880000	1	2
100	chr2	25920000	25960000	1	2
101	chr2	26000000	26200000	1	2
102	chr2	26240000	26280000	1	2
103	chr2	26320000	26360000	1	2
104	chr2	26400000	26520000	1	2
105	chr2	26560000	26640000	1	2
106	chr2	26680000	26720000	1	2
107	chr2	26760000	26800000	1	2
108	chr2	26840000	27000000	1	2
109	chr2	27040000	27080000	1	2
110	chr2	27120000	27160000	1	2
111	chr2	27200000	27240000	1	2
112	chr2	27280000	27360000	1	2
113	chr2	27400000	27440000	1	2
114	chr2	27480000	27520000	1	2
115	chr2	27560000	27720000	1	2
116	chr2	27760000	27920000	1	2
117	chr2	27960000	28000000	1	2
118	chr2	28040000	28080000	1	2
119	chr2	28120000	28240000	1	2
120	chr2	28280000	28320000	1	2
121	chr2	28360000	28440000	1	2
122	chr2	28480000	28520000	1	2
123	chr2	28560000	28600000	1	2
124	chr2	28640000	28680000	1	2
125	chr2	28720000	28760000	1	2
126	chr2	28800000	28840000	1	2
127	chr2	28880000	28920000	1	2
128	chr2	28960000	29000000	1	2
129	chr2	29040000	29240000	1	2
130	chr2	29280000	29320000	1	2
131	chr2	29360000	29400000	1	2
132	chr2	29440000	29960000	1	2
133	chr2	30000000	30040000	1	2
134	chr2	30080000	30120000	1	2
135	chr2	30160000	30200000	1	2
136	chr2	30240000	30760000	1	2
137	chr2	30800000	30840000	1	2
138	chr2	30880000	30920000	1	2
139	chr2	30960000	31280000	1	2
140	chr2	31320000	31360000	1	2
141	chr2	31400000	31440000	1	2
142	chr2	31480000	31600000	1	2
143	chr2	31920000	31960000	1	2
144	chr2	32000000	32040000	1	2
145	chr2	32080000	32120000	1	2
146	chr2	32160000	32200000	1	2
147	chr2	32240000	32320000	1	2
148	chr2	32360000	32440000	1	2
149	chr2	32480000	32520000	1	2
150	chr2	32560000	32600000	1	2
151	chr2	32640000	32680000	1	2
152	chr2	32720000	32800000	1	2
153	chr2	32840000	32920000	1	2
154	chr2	32960000	33000000	1	2
155	chr2	33040000	33080000	1	2
156	chr2	33120000	33160000	1	2
157	chr2	33200000	33240000	1	2
158	chr2	33280000	33320000	1	2
159	chr2	33360000	33440000	1	2
160	chr2	33480000	33640000	1	2
161	chr2	36280000	36360000	1	2
162	chr2	36440000	36480000	1	2
163	chr2	36520000	36560000	1	2
164	chr2	36600000	36720000	1	2
165	chr2	36760000	36800000	1	2
166	chr2	36840000	36880000	1	2
167	chr2	36920000	36960000	1	2
168	chr2	37000000	37080000	1	2
169	chr2	37120000	37160000	1	2
170	chr2	37200000	37280000	1	2
171	chr2	37320000	37360000	1	2
172	chr2	37400000	37440000	1	2
173	chr2	37480000	37520000	1	2
174	chr2	37560000	37600000	1	2
175	chr2	37640000	37680000	1	2
176	chr2	37720000	37880000	1	2
177	chr2	37920000	37960000	1	2
178	chr2	38000000	38040000	1	2
179	chr2	38080000	38120000	1	2
180	chr2	38160000	38240000	1	2
181	chr2	38280000	38320000	1	2
182	chr2	38360000	38400000	1	2
183	chr2	38440000	38480000	1	2
184	chr2	38520000	38560000	1	2
185	chr2	38600000	38640000	1	2
186	chr2	38680000	38760000	1	2
187	chr2	38800000	38840000	1	2
188	chr2	38880000	38920000	1	2
189	chr2	38960000	39000000	1	2
190	chr2	39040000	39080000	1	2
191	chr2	39120000	39280000	1	2
192	chr2	39320000	39360000	1	2
193	chr2	39400000	39560000	1	2
194	chr2	39600000	39640000	1	2
195	chr2	39680000	39720000	1	2
196	chr2	39760000	39800000	1	2
197	chr2	39840000	39920000	1	2
198	chr2	40000000	40160000	1	2
199	chr2	40200000	40240000	1	2
200	chr2	40280000	40520000	1	2
201	chr2	40640000	40680000	1	2
202	chr2	41920000	42120000	1	2
203	chr2	42160000	42400000	1	2
204	chr2	42440000	42480000	1	2
205	chr2	42520000	42720000	1	2
206	chr2	42760000	42800000	1	2
207	chr2	42840000	42880000	1	2
208	chr2	42920000	42960000	1	2
209	chr2	43000000	43280000	1	2
210	chr2	43320000	43560000	1	2
211	chr2	43600000	43640000	1	2
212	chr2	43680000	43840000	1	2
213	chr2	43880000	43920000	1	2
214	chr2	43960000	44040000	1	2
215	chr2	44080000	44120000	1	2
216	chr2	44160000	44320000	1	2
217	chr2	44360000	44400000	1	2
218	chr2	44480000	45000000	1	2
219	chr2	45120000	45160000	1	2
220	chr2	45200000	45240000	1	2
221	chr2	45280000	45320000	1	2
222	chr2	45360000	45400000	1	2
223	chr2	45440000	45520000	1	2
224	chr2	45640000	45680000	1	2
225	chr2	45720000	45760000	1	2
226	chr2	45800000	45840000	1	2
227	chr2	45880000	46040000	1	2
228	chr2	46080000	46120000	1	2
229	chr2	46160000	46240000	1	2
230	chr2	46280000	46320000	1	2
231	chr2	46360000	46400000	1	2
232	chr2	46440000	46520000	1	2
233	chr2	46560000	46680000	1	2
234	chr2	46720000	46760000	1	2
235	chr2	46800000	46960000	1	2
236	chr2	47000000	47040000	1	2
237	chr2	47080000	47120000	1	2
238	chr2	47160000	47200000	1	2
239	chr2	47240000	47360000	1	2
240	chr2	47400000	47440000	1	2
241	chr2	47480000	47640000	1	2
242	chr2	47680000	47760000	1	2
243	chr2	47800000	47840000	1	2
244	chr2	47880000	47920000	1	2
245	chr2	48160000	48480000	1	2
246	chr2	48520000	48560000	1	2
247	chr2	48600000	48640000	1	2
248	chr2	48680000	49000000	1	2
249	chr2	50560000	53840000	1	2
250	chr2	53880000	53920000	1	2
251	chr2	53960000	54000000	1	2
252	chr2	54040000	54080000	1	2
253	chr2	54120000	54160000	1	2
254	chr2	54200000	54240000	1	2
255	chr2	54280000	54360000	1	2
256	chr2	54400000	54520000	1	2
257	chr2	54560000	54600000	1	2
258	chr2	54640000	54680000	1	2
259	chr2	54720000	54760000	1	2
260	chr2	54800000	54920000	1	2
261	chr2	54960000	55000000	1	2
262	chr2	55040000	55080000	1	2
263	chr2	55120000	55240000	1	2
264	chr2	55280000	55320000	1	2
265	chr2	55360000	55560000	1	2
266	chr2	55600000	55640000	1	2
267	chr2	55680000	55720000	1	2
268	chr2	55760000	56080000	1	2
269	chr2	60680000	60720000	1	2
270	chr2	60760000	60800000	1	2
271	chr2	60840000	60880000	1	2
272	chr2	60920000	60960000	1	2
273	chr2	61000000	61080000	1	2
274	chr2	61120000	61200000	1	2
275	chr2	61240000	61280000	1	2
276	chr2	61320000	61360000	1	2
277	chr2	61400000	61440000	1	2
278	chr2	61480000	61520000	1	2
279	chr2	61560000	61720000	1	2
280	chr2	61760000	61800000	1	2
281	chr2	61840000	61920000	1	2
282	chr2	61960000	62000000	1	2
283	chr2	62040000	62320000	1	2
284	chr2	62360000	62400000	1	2
285	chr2	62440000	62480000	1	2
286	chr2	62520000	62840000	1	2
287	chr2	63600000	63640000	1	2
288	chr2	63680000	63720000	1	2
289	chr2	63760000	63960000	1	2
290	chr2	64080000	64360000	1	2
291	chr2	64400000	64560000	1	2
292	chr2	64600000	64680000	1	2
293	chr2	64720000	64800000	1	2
294	chr2	64840000	64880000	1	2
295	chr2	64920000	64960000	1	2
296	chr2	65000000	65120000	1	2
297	chr2	65160000	65200000	1	2
298	chr2	65240000	65280000	1	2
299	chr2	65320000	65480000	1	2
300	chr2	65520000	65600000	1	2
301	chr2	65680000	65720000	1	2
302	chr2	65760000	65800000	1	2
303	chr2	66520000	66640000	1	2
304	chr2	66680000	66720000	1	2
305	chr2	66760000	66880000	1	2
306	chr2	66920000	66960000	1	2
307	chr2	67000000	67120000	1	2
308	chr2	67240000	67280000	1	2
309	chr2	67320000	67360000	1	2
310	chr2	67400000	67440000	1	2
311	chr2	67480000	67680000	1	2
312	chr2	67720000	67800000	1	2
313	chr2	67840000	67880000	1	2
314	chr2	67920000	68080000	1	2
315	chr2	68120000	68160000	1	2
316	chr2	68200000	68240000	1	2
317	chr2	68280000	68320000	1	2
318	chr2	68360000	68400000	1	2
319	chr2	68440000	68480000	1	2
320	chr2	68520000	68640000	1	2
321	chr2	68680000	68720000	1	2
322	chr2	68760000	68800000	1	2
323	chr2	68840000	68880000	1	2
324	chr2	68920000	68960000	1	2
325	chr2	69000000	69040000	1	2
326	chr2	69080000	69240000	1	2
327	chr2	69280000	69360000	1	2
328	chr2	69400000	69480000	1	2
329	chr2	69520000	69600000	1	2
330	chr2	69640000	69680000	1	2
331	chr2	69720000	69760000	1	2
332	chr2	69800000	69880000	1	2
333	chr2	69920000	69960000	1	2
334	chr2	70000000	70120000	1	2
335	chr2	70160000	70200000	1	2
336	chr2	70280000	70360000	1	2
337	chr2	70400000	70720000	1	2
338	chr2	70760000	70800000	1	2
339	chr2	70840000	70920000	1	2
340	chr2	70960000	71000000	1	2
341	chr2	71040000	71200000	1	2
342	chr2	71240000	71280000	1	2
343	chr2	71400000	71480000	1	2
344	chr2	71520000	71560000	1	2
345	chr2	71680000	71720000	1	2
346	chr2	71760000	71840000	1	2
347	chr2	71880000	71920000	1	2
348	chr2	71960000	72200000	1	2
349	chr2	72240000	72720000	1	2
350	chr2	72760000	72800000	1	2
351	chr2	72840000	72920000	1	2
352	chr2	72960000	73000000	1	2
353	chr2	73040000	73120000	1	2
354	chr2	73160000	73200000	1	2
355	chr2	73240000	73320000	1	2
356	chr2	73360000	73440000	1	2
357	chr2	73480000	73640000	1	2
358	chr2	73680000	73760000	1	2
359	chr2	73920000	73960000	1	2
360	chr2	74000000	74040000	1	2
361	chr2	74080000	74120000	1	2
362	chr2	74160000	74200000	1	2
363	chr2	74240000	74280000	1	2
364	chr2	74320000	74440000	1	2
365	chr2	74480000	74520000	1	2
366	chr2	74560000	74640000	1	2
367	chr2	74680000	74720000	1	2
368	chr2	74760000	74920000	1	2
369	chr2	74960000	75000000	1	2
370	chr2	75040000	75480000	1	2
371	chr2	75520000	75720000	1	2
372	chr2	84720000	84840000	1	2
373	chr2	84880000	84920000	1	2
374	chr2	84960000	85000000	1	2
375	chr2	85040000	85080000	1	2
376	chr2	85120000	85160000	1	2
377	chr2	85200000	85360000	1	2
378	chr2	85400000	85440000	1	2
379	chr2	85480000	85600000	1	2
380	chr2	85640000	85680000	1	2
381	chr2	85720000	85760000	1	2
382	chr2	85800000	85880000	1	2
383	chr2	85920000	85960000	1	2
384	chr2	86000000	86080000	1	2
385	chr2	86120000	86160000	1	2
386	chr2	86200000	86240000	1	2
387	chr2	86280000	86320000	1	2
388	chr2	86360000	86400000	1	2
389	chr2	86440000	86480000	1	2
390	chr2	86520000	86600000	1	2
391	chr2	86640000	86720000	1	2
392	chr2	96000000	97000000	8	2
393	chr2	97560000	98440000	9	2
394	chr2	98480000	99080000	9	2
395	chr2	99120000	99160000	9	2
396	chr2	99200000	99240000	9	2
397	chr2	99280000	100520000	9	2
398	chr2	100560000	100960000	9	2
399	chr2	101000000	101160000	9	2
400	chr2	101240000	102240000	10	2
401	chr2	105080000	106080000	11	2
402	chr2	108760000	109760000	13	2
403	chr2	120160000	121040000	21	2
404	chr2	121160000	122200000	21	2
405	chr2	127160000	127200000	21	2
406	chr2	127240000	128440000	21	2
407	chr2	128480000	129760000	21	2
408	chr2	131880000	132320000	21	2
409	chr2	132360000	132440000	21	2
410	chr2	132840000	132920000	21	2
411	chr2	133200000	133240000	21	2
412	chr2	133440000	133480000	21	2
413	chr2	133520000	133560000	21	2
414	chr2	133680000	133800000	21	2
415	chr2	133840000	133880000	21	2
416	chr2	133920000	134000000	21	2
417	chr2	134040000	134120000	21	2
418	chr2	134160000	134200000	21	2
419	chr2	134240000	134280000	21	2
420	chr2	134360000	134440000	21	2
421	chr2	134480000	134520000	21	2
422	chr2	134560000	134680000	21	2
423	chr2	134720000	134800000	21	2
424	chr2	134840000	134880000	21	2
425	chr2	135240000	136320000	21	2
426	chr2	138600000	138640000	21	2
427	chr2	141680000	141720000	21	2
428	chr2	143560000	147120000	21	2
429	chr2	150160000	151000000	21	2
430	chr2	151040000	151160000	21	2
431	chr2	151200000	151240000	21	2
432	chr2	151560000	151600000	21	2
433	chr2	151640000	151720000	21	2
434	chr2	151840000	151880000	21	2
435	chr2	151920000	151960000	21	2
436	chr2	152200000	152240000	21	2
437	chr2	152600000	152720000	21	2
438	chr2	152760000	153200000	21	2
439	chr2	153240000	153280000	21	2
440	chr2	156960000	157000000	21	2
441	chr2	157040000	157080000	21	2
442	chr2	157520000	157560000	21	2
443	chr2	157720000	157760000	21	2
444	chr2	157800000	157840000	21	2
445	chr2	158000000	158040000	21	2
446	chr2	158280000	158560000	21	2
447	chr2	159240000	159280000	21	2
448	chr2	159440000	159640000	21	2
449	chr2	159680000	159720000	21	2
450	chr2	159760000	159800000	21	2
451	chr2	159840000	160160000	21	2
452	chr2	160200000	160240000	21	2
453	chr2	160280000	160320000	21	2
454	chr2	160400000	160480000	21	2
455	chr2	160680000	160760000	21	2
456	chr2	160800000	160840000	21	2
457	chr2	160880000	160920000	21	2
458	chr2	160960000	161000000	21	2
459	chr2	161040000	161080000	21	2
460	chr2	161120000	161520000	21	2
461	chr2	161560000	161600000	21	2
462	chr2	161640000	161680000	21	2
463	chr2	161720000	161760000	21	2
464	chr2	161880000	161920000	21	2
465	chr2	162520000	162680000	21	2
466	chr2	162720000	162760000	21	2
467	chr2	162800000	162840000	21	2
468	chr2	168520000	168560000	21	2
469	chr2	168600000	168640000	21	2
470	chr2	168680000	168800000	21	2
471	chr2	169160000	169200000	21	2
472	chr2	169240000	169280000	21	2
473	chr2	169400000	169440000	21	2
474	chr2	170040000	170280000	21	2
475	chr2	170320000	173080000	21	2
476	chr2	173120000	174960000	21	2
477	chr2	175000000	175080000	21	2
478	chr2	175120000	175240000	21	2
479	chr2	175280000	175520000	21	2
480	chr2	175560000	175640000	21	2
481	chr2	175960000	176000000	21	2
482	chr2	176240000	176640000	21	2
483	chr2	176680000	177200000	21	2
484	chr2	177720000	177760000	21	2
485	chr2	177800000	177880000	21	2
486	chr2	178120000	178160000	21	2
487	chr2	178200000	178240000	21	2
488	chr2	178680000	178720000	21	2
489	chr2	178760000	178840000	21	2
490	chr2	178960000	179000000	21	2
491	chr2	179120000	179160000	21	2
492	chr2	179760000	180320000	21	2
493	chr2	180520000	180560000	21	2
494	chr2	180680000	181640000	21	2
495	chr2	182320000	182440000	21	2
496	chr2	182480000	182560000	21	2
497	chr2	182720000	183200000	21	2
498	chr2	183360000	183440000	21	2
499	chr2	183480000	183520000	21	2
500	chr2	183560000	183600000	21	2
501	chr2	183640000	183680000	21	2
502	chr2	183720000	183760000	21	2
503	chr2	187040000	187200000	21	2
504	chr2	187360000	187400000	21	2
505	chr2	188080000	188120000	21	2
506	chr2	188160000	189080000	21	2
507	chr2	189120000	189520000	21	2
508	chr2	189560000	189640000	21	2
509	chr2	189680000	189720000	21	2
510	chr2	189760000	189800000	21	2
511	chr2	189840000	189920000	21	2
512	chr2	189960000	192720000	21	2
513	chr2	196640000	198880000	21	2
514	chr2	199800000	199840000	21	2
515	chr2	199960000	200000000	21	2
516	chr2	200480000	200520000	21	2
517	chr2	200560000	200720000	21	2
518	chr2	200760000	200840000	21	2
519	chr2	200880000	200920000	21	2
520	chr2	200960000	201000000	21	2
521	chr2	201040000	201080000	21	2
522	chr2	201120000	202280000	21	2
523	chr2	202320000	202720000	21	2
524	chr2	202760000	202800000	21	2
525	chr2	202840000	202920000	21	2
526	chr2	202960000	203080000	21	2
527	chr2	203120000	203400000	21	2
528	chr2	203560000	204440000	21	2
529	chr2	204800000	205320000	21	2
530	chr2	205360000	206520000	21	2
531	chr2	207200000	209280000	21	2
532	chr2	214240000	214280000	21	2
533	chr2	215120000	215160000	21	2
534	chr2	215920000	215960000	21	2
535	chr2	216000000	216160000	21	2
536	chr2	216200000	216240000	21	2
537	chr2	216280000	216320000	21	2
538	chr2	216360000	216480000	21	2
539	chr2	216520000	216560000	21	2
540	chr2	216600000	218680000	21	2
541	chr2	218720000	219280000	21	2
542	chr2	219320000	219360000	21	2
543	chr2	219400000	219560000	21	2
544	chr2	219600000	219680000	21	2
545	chr2	219720000	219840000	21	2
546	chr2	219880000	220080000	21	2
547	chr2	220120000	220160000	21	2
548	chr2	220200000	220240000	21	2
549	chr2	220280000	222560000	21	2
550	chr2	223160000	223200000	21	2
551	chr2	223240000	223280000	21	2
552	chr2	223320000	223360000	21	2
553	chr2	223400000	223440000	21	2
554	chr2	223480000	223520000	21	2
555	chr2	223560000	223640000	21	2
556	chr2	223680000	223720000	21	2
557	chr2	223840000	223880000	21	2
558	chr2	224000000	224200000	21	2
559	chr2	224240000	224440000	21	2
560	chr2	224480000	225280000	21	2
561	chr2	225360000	225640000	21	2
562	chr2	225680000	225720000	21	2
563	chr2	225880000	225920000	21	2
564	chr2	226600000	226640000	21	2
565	chr2	226680000	226720000	21	2
566	chr2	226840000	226880000	21	2
567	chr2	226920000	226960000	21	2
568	chr2	227000000	227360000	21	2
569	chr2	227400000	227520000	21	2
570	chr2	227560000	227600000	21	2
571	chr2	227720000	227760000	21	2
572	chr2	227800000	227840000	21	2
573	chr2	227880000	227920000	21	2
574	chr2	227960000	228000000	21	2
575	chr2	228040000	228080000	21	2
576	chr2	228360000	228400000	21	2
577	chr2	228440000	231600000	21	2
578	chr2	231640000	232440000	21	2
579	chr2	232480000	232640000	21	2
580	chr2	232680000	233080000	21	2
581	chr2	233120000	233400000	21	2
582	chr2	233440000	233720000	21	2
583	chr2	233760000	233800000	21	2
584	chr2	233840000	233880000	21	2
585	chr2	233920000	234000000	21	2
586	chr2	234040000	234120000	21	2
587	chr2	234160000	234360000	21	2
588	chr2	234400000	234560000	21	2
589	chr2	234600000	234640000	21	2
590	chr2	234720000	234800000	21	2
591	chr2	234840000	235080000	21	2
592	chr2	235120000	235160000	21	2
593	chr2	235200000	235240000	21	2
594	chr2	235280000	235320000	21	2
595	chr2	235360000	235400000	21	2
596	chr2	235440000	235480000	21	2
597	chr2	235520000	235560000	21	2
598	chr2	235600000	235640000	21	2
599	chr2	235680000	235720000	21	2
600	chr2	235760000	235880000	21	2
601	chr2	235920000	236000000	21	2
602	chr2	236040000	236120000	21	2
603	chr2	236160000	236200000	21	2
604	chr2	236240000	236280000	21	2
605	chr2	236320000	236360000	21	2
606	chr2	236400000	238840000	21	2
607	chr2	238880000	241600000	21	2
608	chr2	241640000	241720000	21	2
609	chr2	241760000	241800000	21	2
610	chr2	241840000	241920000	21	2
611	chr2	241960000	242040000	21	2
612	chr2	242080000	242160000	21	2
613	chr2	242200000	242240000	21	2
614	chr2	242280000	242320000	21	2
615	chr2	242360000	242400000	21	2
616	chr2	242440000	242480000	21	2
617	chr2	242520000	242560000	21	2
618	chr2	242600000	242640000	21	2
