1	chr20	0	26240000	-1	1
2	chr20	29600000	30840000	-1	1
3	chr20	30880000	31360000	-1	1
4	chr20	31400000	32160000	-1	1
5	chr20	32200000	32800000	-1	1
6	chr20	32840000	33720000	-1	1
7	chr20	33760000	33960000	-1	1
8	chr20	34000000	35200000	-1	1
9	chr20	35240000	36480000	-1	1
10	chr20	36520000	36600000	-1	1
11	chr20	36640000	37080000	-1	1
12	chr20	38880000	39000000	-1	1
13	chr20	39040000	39440000	-1	1
14	chr20	39480000	39640000	-1	1
15	chr20	41520000	42920000	-1	1
16	chr20	42960000	43000000	-1	1
17	chr20	43040000	43800000	-1	1
18	chr20	43840000	44000000	-1	1
19	chr20	44040000	44720000	-1	1
20	chr20	44760000	45680000	-1	1
21	chr20	45720000	46640000	-1	1
22	chr20	46680000	46920000	-1	1
23	chr20	46960000	47280000	-1	1
24	chr20	47320000	47960000	-1	1
25	chr20	48000000	48960000	-1	1
26	chr20	49000000	50160000	-1	1
27	chr20	51600000	51960000	-1	1
28	chr20	52080000	52240000	-1	1
29	chr20	54360000	57520000	-1	1
30	chr20	57920000	59960000	-1	1
31	chr20	60000000	60280000	-1	1
32	chr20	60320000	60360000	-1	1
33	chr20	60720000	60880000	-1	1
34	chr20	60920000	61480000	-1	1
35	chr20	61600000	62040000	-1	1
36	chr20	62080000	62400000	-1	1
37	chr20	0	240000	1	2
38	chr20	280000	320000	1	2
39	chr20	360000	440000	1	2
40	chr20	480000	640000	1	2
41	chr20	680000	920000	1	2
42	chr20	960000	1000000	1	2
43	chr20	1040000	1080000	1	2
44	chr20	1120000	1200000	1	2
45	chr20	1240000	1280000	1	2
46	chr20	1320000	1360000	1	2
47	chr20	1680000	1800000	1	2
48	chr20	1840000	2320000	1	2
49	chr20	2400000	2520000	1	2
50	chr20	2560000	2600000	1	2
51	chr20	2640000	2680000	1	2
52	chr20	2720000	2760000	1	2
53	chr20	2800000	2840000	1	2
54	chr20	2880000	2920000	1	2
55	chr20	2960000	3080000	1	2
56	chr20	3120000	3200000	1	2
57	chr20	3240000	3280000	1	2
58	chr20	3320000	3560000	1	2
59	chr20	3600000	3680000	1	2
60	chr20	3720000	3760000	1	2
61	chr20	3800000	4000000	1	2
62	chr20	4040000	4080000	1	2
63	chr20	4120000	4480000	1	2
64	chr20	4520000	4640000	1	2
65	chr20	4680000	4760000	1	2
66	chr20	4800000	4840000	1	2
67	chr20	4880000	5000000	1	2
68	chr20	5040000	5080000	1	2
69	chr20	5200000	5240000	1	2
70	chr20	5440000	5720000	1	2
71	chr20	5840000	5880000	1	2
72	chr20	8680000	9320000	1	2
73	chr20	10360000	11440000	1	2
74	chr20	17440000	17520000	1	2
75	chr20	17560000	17600000	1	2
76	chr20	17640000	17760000	1	2
77	chr20	17800000	17840000	1	2
78	chr20	17880000	17920000	1	2
79	chr20	17960000	18000000	1	2
80	chr20	18280000	18320000	1	2
81	chr20	19600000	19920000	1	2
82	chr20	22600000	23280000	1	2
83	chr20	24000000	24840000	1	2
84	chr20	24880000	25080000	1	2
85	chr20	25120000	25160000	1	2
86	chr20	25200000	25320000	1	2
87	chr20	25440000	25480000	1	2
88	chr20	25520000	25560000	1	2
89	chr20	25800000	25920000	1	2
90	chr20	29600000	29840000	2	2
91	chr20	29880000	30120000	2	2
92	chr20	30160000	30240000	2	2
93	chr20	30280000	30320000	2	2
94	chr20	30360000	30480000	2	2
95	chr20	30520000	30680000	2	2
96	chr20	30720000	30800000	2	2
97	chr20	30880000	31120000	3	2
98	chr20	31160000	31240000	3	2
99	chr20	31280000	31320000	3	2
100	chr20	31400000	31720000	4	2
101	chr20	31760000	31840000	4	2
102	chr20	31880000	31920000	4	2
103	chr20	31960000	32000000	4	2
104	chr20	32040000	32120000	4	2
105	chr20	32200000	32480000	5	2
106	chr20	32520000	32560000	5	2
107	chr20	32600000	32760000	5	2
108	chr20	32840000	33080000	6	2
109	chr20	33120000	33160000	6	2
110	chr20	33200000	33280000	6	2
111	chr20	33320000	33440000	6	2
112	chr20	33480000	33520000	6	2
113	chr20	33560000	33680000	6	2
114	chr20	34000000	34240000	8	2
115	chr20	34280000	34360000	8	2
116	chr20	34400000	34480000	8	2
117	chr20	34520000	34560000	8	2
118	chr20	34600000	34680000	8	2
119	chr20	34720000	34760000	8	2
120	chr20	34800000	34960000	8	2
121	chr20	35000000	35160000	8	2
122	chr20	35240000	35560000	9	2
123	chr20	35600000	35960000	9	2
124	chr20	36000000	36040000	9	2
125	chr20	36080000	36240000	9	2
126	chr20	36280000	36320000	9	2
127	chr20	36360000	36440000	9	2
128	chr20	36680000	36920000	11	2
129	chr20	36960000	37040000	11	2
130	chr20	39040000	39280000	13	2
131	chr20	39320000	39400000	13	2
132	chr20	41520000	41760000	15	2
133	chr20	41800000	42120000	15	2
134	chr20	42160000	42240000	15	2
135	chr20	42280000	42400000	15	2
136	chr20	42440000	42520000	15	2
137	chr20	42560000	42680000	15	2
138	chr20	42720000	42760000	15	2
139	chr20	42800000	42880000	15	2
140	chr20	43040000	43320000	17	2
141	chr20	43360000	43400000	17	2
142	chr20	43440000	43480000	17	2
143	chr20	43600000	43680000	17	2
144	chr20	44040000	44480000	19	2
145	chr20	44520000	44680000	19	2
146	chr20	44760000	45200000	20	2
147	chr20	45240000	45280000	20	2
148	chr20	45320000	45440000	20	2
149	chr20	45480000	45640000	20	2
150	chr20	46000000	46040000	21	2
151	chr20	46280000	46360000	21	2
152	chr20	46400000	46440000	21	2
153	chr20	46960000	47240000	23	2
154	chr20	47320000	47560000	24	2
155	chr20	47600000	47840000	24	2
156	chr20	47880000	47920000	24	2
157	chr20	48000000	48240000	25	2
158	chr20	48280000	48480000	25	2
159	chr20	48520000	48640000	25	2
160	chr20	48680000	48720000	25	2
161	chr20	48760000	48920000	25	2
162	chr20	49000000	49320000	26	2
163	chr20	49440000	49640000	26	2
164	chr20	49680000	49720000	26	2
165	chr20	49760000	49800000	26	2
166	chr20	49840000	50120000	26	2
167	chr20	51640000	51840000	27	2
168	chr20	51880000	51920000	27	2
169	chr20	54360000	54600000	29	2
170	chr20	54840000	54880000	29	2
171	chr20	54920000	54960000	29	2
172	chr20	55240000	55320000	29	2
173	chr20	55520000	55560000	29	2
174	chr20	55600000	56200000	29	2
175	chr20	56240000	56440000	29	2
176	chr20	56480000	56680000	29	2
177	chr20	56840000	57080000	29	2
178	chr20	57120000	57160000	29	2
179	chr20	57320000	57360000	29	2
180	chr20	57960000	59320000	30	2
181	chr20	59360000	59520000	30	2
182	chr20	59560000	59600000	30	2
183	chr20	59640000	59680000	30	2
184	chr20	60000000	60240000	31	2
185	chr20	60920000	61160000	34	2
186	chr20	61200000	61240000	34	2
187	chr20	61280000	61360000	34	2
188	chr20	61400000	61440000	34	2
189	chr20	61640000	61840000	35	2
190	chr20	61880000	62000000	35	2
191	chr20	62080000	62360000	36	2
