1	chr4	40000	720000	-1	1
2	chr4	760000	1640000	-1	1
3	chr4	1680000	3040000	-1	1
4	chr4	3080000	3480000	-1	1
5	chr4	3520000	6640000	-1	1
6	chr4	6680000	8480000	-1	1
7	chr4	8520000	8680000	-1	1
8	chr4	9040000	48800000	-1	1
9	chr4	52400000	52720000	-1	1
10	chr4	52760000	52800000	-1	1
11	chr4	52920000	54840000	-1	1
12	chr4	54880000	56920000	-1	1
13	chr4	56960000	57560000	-1	1
14	chr4	57600000	57760000	-1	1
15	chr4	71760000	72840000	-1	1
16	chr4	74160000	75280000	-1	1
17	chr4	75320000	75840000	-1	1
18	chr4	76000000	76640000	-1	1
19	chr4	76680000	77280000	-1	1
20	chr4	77320000	78400000	-1	1
21	chr4	78440000	78480000	-1	1
22	chr4	78520000	78800000	-1	1
23	chr4	78840000	83480000	-1	1
24	chr4	83520000	84600000	-1	1
25	chr4	84640000	85680000	-1	1
26	chr4	85840000	86160000	-1	1
27	chr4	86200000	86240000	-1	1
28	chr4	86920000	87200000	-1	1
29	chr4	87240000	87280000	-1	1
30	chr4	87440000	87560000	-1	1
31	chr4	87600000	88400000	-1	1
32	chr4	88440000	90320000	-1	1
33	chr4	90600000	91080000	-1	1
34	chr4	95440000	96280000	-1	1
35	chr4	99320000	100240000	-1	1
36	chr4	100280000	100640000	-1	1
37	chr4	100680000	101000000	-1	1
38	chr4	101040000	101080000	-1	1
39	chr4	101120000	103560000	-1	1
40	chr4	103600000	104280000	-1	1
41	chr4	106120000	106640000	-1	1
42	chr4	108760000	108880000	-1	1
43	chr4	108920000	109080000	-1	1
44	chr4	109120000	109760000	-1	1
45	chr4	109800000	111760000	-1	1
46	chr4	113240000	114040000	-1	1
47	chr4	114440000	115560000	-1	1
48	chr4	119480000	119560000	-1	1
49	chr4	119840000	121200000	-1	1
50	chr4	121240000	122440000	-1	1
51	chr4	122560000	122800000	-1	1
52	chr4	122840000	122960000	-1	1
53	chr4	123000000	123720000	-1	1
54	chr4	123760000	128920000	-1	1
55	chr4	128960000	130240000	-1	1
56	chr4	138240000	140160000	-1	1
57	chr4	140200000	140680000	-1	1
58	chr4	140720000	144680000	-1	1
59	chr4	145320000	146240000	-1	1
60	chr4	146280000	148240000	-1	1
61	chr4	148280000	149040000	-1	1
62	chr4	149080000	151080000	-1	1
63	chr4	151120000	152160000	-1	1
64	chr4	152200000	154880000	-1	1
65	chr4	154920000	182680000	-1	1
66	chr4	182720000	184600000	-1	1
67	chr4	184640000	187360000	-1	1
68	chr4	187400000	191160000	-1	1
69	chr4	40000	480000	1	2
70	chr4	520000	680000	1	2
71	chr4	760000	1000000	2	2
72	chr4	1040000	1600000	2	2
73	chr4	1680000	1960000	3	2
74	chr4	2000000	2440000	3	2
75	chr4	2480000	2680000	3	2
76	chr4	2720000	3000000	3	2
77	chr4	3080000	3440000	4	2
78	chr4	3520000	3880000	5	2
79	chr4	4000000	4040000	5	2
80	chr4	4080000	4120000	5	2
81	chr4	4240000	4520000	5	2
82	chr4	4560000	5040000	5	2
83	chr4	5080000	5600000	5	2
84	chr4	5640000	5680000	5	2
85	chr4	5720000	5880000	5	2
86	chr4	5920000	6120000	5	2
87	chr4	6160000	6200000	5	2
88	chr4	6240000	6600000	5	2
89	chr4	6680000	7160000	6	2
90	chr4	7200000	7840000	6	2
91	chr4	7880000	8080000	6	2
92	chr4	8120000	8200000	6	2
93	chr4	8240000	8440000	6	2
94	chr4	9040000	13200000	8	2
95	chr4	13240000	14840000	8	2
96	chr4	14880000	15080000	8	2
97	chr4	15120000	15360000	8	2
98	chr4	15400000	15600000	8	2
99	chr4	15640000	15880000	8	2
100	chr4	15920000	17120000	8	2
101	chr4	17160000	17440000	8	2
102	chr4	17680000	17720000	8	2
103	chr4	18760000	20320000	8	2
104	chr4	22040000	22240000	8	2
105	chr4	22440000	22480000	8	2
106	chr4	22600000	22640000	8	2
107	chr4	23280000	24080000	8	2
108	chr4	24120000	25000000	8	2
109	chr4	25040000	25560000	8	2
110	chr4	25600000	26040000	8	2
111	chr4	26080000	26640000	8	2
112	chr4	35760000	41680000	8	2
113	chr4	46120000	46240000	8	2
114	chr4	46560000	47320000	8	2
115	chr4	47360000	47680000	8	2
116	chr4	47720000	47840000	8	2
117	chr4	47880000	47920000	8	2
118	chr4	47960000	48000000	8	2
119	chr4	48040000	48240000	8	2
120	chr4	48280000	48680000	8	2
121	chr4	52400000	52680000	9	2
122	chr4	52920000	53560000	11	2
123	chr4	53600000	54800000	11	2
124	chr4	54880000	55560000	12	2
125	chr4	55600000	55920000	12	2
126	chr4	55960000	56120000	12	2
127	chr4	56160000	56400000	12	2
128	chr4	56440000	56520000	12	2
129	chr4	56560000	56600000	12	2
130	chr4	56640000	56880000	12	2
131	chr4	56960000	57520000	13	2
132	chr4	71760000	72120000	15	2
133	chr4	72160000	72680000	15	2
134	chr4	74160000	74400000	16	2
135	chr4	74440000	74520000	16	2
136	chr4	74680000	75240000	16	2
137	chr4	75440000	75640000	17	2
138	chr4	75760000	75800000	17	2
139	chr4	76000000	76600000	18	2
140	chr4	76720000	77040000	19	2
141	chr4	77080000	77120000	19	2
142	chr4	77160000	77240000	19	2
143	chr4	77320000	77640000	20	2
144	chr4	77680000	78200000	20	2
145	chr4	78240000	78360000	20	2
146	chr4	78520000	78760000	22	2
147	chr4	78880000	79080000	23	2
148	chr4	79120000	79640000	23	2
149	chr4	79680000	80080000	23	2
150	chr4	80400000	80440000	23	2
151	chr4	81120000	81160000	23	2
152	chr4	81200000	81320000	23	2
153	chr4	81360000	81480000	23	2
154	chr4	81520000	81760000	23	2
155	chr4	82240000	82520000	23	2
156	chr4	82560000	83440000	23	2
157	chr4	83520000	83960000	24	2
158	chr4	84000000	84040000	24	2
159	chr4	84080000	84160000	24	2
160	chr4	84200000	84440000	24	2
161	chr4	84480000	84560000	24	2
162	chr4	84640000	85640000	25	2
163	chr4	85840000	86120000	26	2
164	chr4	86920000	87160000	28	2
165	chr4	87600000	88040000	31	2
166	chr4	88080000	88280000	31	2
167	chr4	88320000	88360000	31	2
168	chr4	88440000	88720000	32	2
169	chr4	88760000	88800000	32	2
170	chr4	88840000	88920000	32	2
171	chr4	89040000	89160000	32	2
172	chr4	89200000	89360000	32	2
173	chr4	89400000	89680000	32	2
174	chr4	89720000	90200000	32	2
175	chr4	90240000	90280000	32	2
176	chr4	90600000	91040000	33	2
177	chr4	95440000	95760000	34	2
178	chr4	95800000	96240000	34	2
179	chr4	99320000	100200000	35	2
180	chr4	100280000	100600000	36	2
181	chr4	100720000	100960000	37	2
182	chr4	101120000	103520000	39	2
183	chr4	103600000	104240000	40	2
184	chr4	106200000	106600000	41	2
185	chr4	109120000	109720000	44	2
186	chr4	109840000	110560000	45	2
187	chr4	110600000	111120000	45	2
188	chr4	111160000	111720000	45	2
189	chr4	113240000	114000000	46	2
190	chr4	114440000	115520000	47	2
191	chr4	119840000	120120000	49	2
192	chr4	120160000	120440000	49	2
193	chr4	120480000	120640000	49	2
194	chr4	120680000	120720000	49	2
195	chr4	120760000	121160000	49	2
196	chr4	121240000	122400000	50	2
197	chr4	123000000	123480000	53	2
198	chr4	123520000	123680000	53	2
199	chr4	123760000	124080000	54	2
200	chr4	124120000	125440000	54	2
201	chr4	125480000	126440000	54	2
202	chr4	126480000	128760000	54	2
203	chr4	128800000	128880000	54	2
204	chr4	128960000	129240000	55	2
205	chr4	129280000	129320000	55	2
206	chr4	129360000	130040000	55	2
207	chr4	130080000	130120000	55	2
208	chr4	138280000	140120000	56	2
209	chr4	140200000	140640000	57	2
210	chr4	140720000	141520000	58	2
211	chr4	141560000	142000000	58	2
212	chr4	142040000	142280000	58	2
213	chr4	142320000	144040000	58	2
214	chr4	144080000	144120000	58	2
215	chr4	144160000	144200000	58	2
216	chr4	144360000	144640000	58	2
217	chr4	145760000	145920000	59	2
218	chr4	146080000	146120000	59	2
219	chr4	146320000	146760000	60	2
220	chr4	146800000	147080000	60	2
221	chr4	147120000	148200000	60	2
222	chr4	148280000	148760000	61	2
223	chr4	148800000	149000000	61	2
224	chr4	149080000	151040000	62	2
225	chr4	151160000	151400000	63	2
226	chr4	151440000	152120000	63	2
227	chr4	152240000	153560000	64	2
228	chr4	153600000	153920000	64	2
229	chr4	153960000	154280000	64	2
230	chr4	154320000	154760000	64	2
231	chr4	154800000	154840000	64	2
232	chr4	155600000	155640000	65	2
233	chr4	156560000	156960000	65	2
234	chr4	157000000	157080000	65	2
235	chr4	157280000	158360000	65	2
236	chr4	159160000	159360000	65	2
237	chr4	159400000	159800000	65	2
238	chr4	159840000	160600000	65	2
239	chr4	164280000	164320000	65	2
240	chr4	164640000	164680000	65	2
241	chr4	166080000	166120000	65	2
242	chr4	166280000	166640000	65	2
243	chr4	168520000	168560000	65	2
244	chr4	169360000	170120000	65	2
245	chr4	170160000	170680000	65	2
246	chr4	170720000	170760000	65	2
247	chr4	170800000	170920000	65	2
248	chr4	170960000	171280000	65	2
249	chr4	174160000	174560000	65	2
250	chr4	174600000	175320000	65	2
251	chr4	177240000	177520000	65	2
252	chr4	177560000	178520000	65	2
253	chr4	178560000	178720000	65	2
254	chr4	182720000	184080000	66	2
255	chr4	184120000	184560000	66	2
256	chr4	184640000	184880000	67	2
257	chr4	184920000	185400000	67	2
258	chr4	185440000	185880000	67	2
259	chr4	185920000	186320000	67	2
260	chr4	186360000	186600000	67	2
261	chr4	186640000	186760000	67	2
262	chr4	186800000	187320000	67	2
263	chr4	187400000	191120000	68	2
264	chr4	40000	280000	69	3
265	chr4	320000	360000	69	3
266	chr4	400000	440000	69	3
267	chr4	1040000	1360000	72	3
268	chr4	1400000	1560000	72	3
269	chr4	1680000	1920000	73	3
270	chr4	2000000	2240000	74	3
271	chr4	2280000	2400000	74	3
272	chr4	2720000	2960000	76	3
273	chr4	3080000	3320000	77	3
274	chr4	3360000	3400000	77	3
275	chr4	3560000	3760000	78	3
276	chr4	3800000	3840000	78	3
277	chr4	4240000	4480000	81	3
278	chr4	4560000	4800000	82	3
279	chr4	4840000	4920000	82	3
280	chr4	4960000	5000000	82	3
281	chr4	5080000	5320000	83	3
282	chr4	5360000	5400000	83	3
283	chr4	5440000	5560000	83	3
284	chr4	6240000	6480000	88	3
285	chr4	6520000	6560000	88	3
286	chr4	6720000	6960000	89	3
287	chr4	7000000	7040000	89	3
288	chr4	7080000	7120000	89	3
289	chr4	7200000	7440000	90	3
290	chr4	7480000	7600000	90	3
291	chr4	7640000	7680000	90	3
292	chr4	7720000	7800000	90	3
293	chr4	9440000	9560000	94	3
294	chr4	9600000	9640000	94	3
295	chr4	9680000	9720000	94	3
296	chr4	9760000	9800000	94	3
297	chr4	9920000	10000000	94	3
298	chr4	10200000	10240000	94	3
299	chr4	10280000	10320000	94	3
300	chr4	10360000	10400000	94	3
301	chr4	10440000	11120000	94	3
302	chr4	11160000	11200000	94	3
303	chr4	11240000	11360000	94	3
304	chr4	11960000	12000000	94	3
305	chr4	12680000	12720000	94	3
306	chr4	13360000	13480000	95	3
307	chr4	13520000	13600000	95	3
308	chr4	13640000	13680000	95	3
309	chr4	13720000	13800000	95	3
310	chr4	13840000	13880000	95	3
311	chr4	13920000	13960000	95	3
312	chr4	14160000	14200000	95	3
313	chr4	14360000	14400000	95	3
314	chr4	14640000	14680000	95	3
315	chr4	14720000	14800000	95	3
316	chr4	15920000	16160000	100	3
317	chr4	16200000	16240000	100	3
318	chr4	16280000	16360000	100	3
319	chr4	16400000	16520000	100	3
320	chr4	16560000	16640000	100	3
321	chr4	16680000	16720000	100	3
322	chr4	16760000	16840000	100	3
323	chr4	16880000	16920000	100	3
324	chr4	16960000	17080000	100	3
325	chr4	17160000	17400000	101	3
326	chr4	18840000	19960000	103	3
327	chr4	20000000	20040000	103	3
328	chr4	20240000	20280000	103	3
329	chr4	23360000	23520000	107	3
330	chr4	23560000	23640000	107	3
331	chr4	23680000	23720000	107	3
332	chr4	23760000	23800000	107	3
333	chr4	23840000	23880000	107	3
334	chr4	23920000	24040000	107	3
335	chr4	24120000	24600000	108	3
336	chr4	24640000	24760000	108	3
337	chr4	24800000	24880000	108	3
338	chr4	24920000	24960000	108	3
339	chr4	25080000	25280000	109	3
340	chr4	25320000	25360000	109	3
341	chr4	25400000	25520000	109	3
342	chr4	25600000	26000000	110	3
343	chr4	26080000	26360000	111	3
344	chr4	26400000	26480000	111	3
345	chr4	37240000	37280000	112	3
346	chr4	37320000	37360000	112	3
347	chr4	37400000	37480000	112	3
348	chr4	37520000	37680000	112	3
349	chr4	37720000	37760000	112	3
350	chr4	37800000	37840000	112	3
351	chr4	37880000	37920000	112	3
352	chr4	37960000	38000000	112	3
353	chr4	38040000	38280000	112	3
354	chr4	38320000	38360000	112	3
355	chr4	38400000	38440000	112	3
356	chr4	38480000	38560000	112	3
357	chr4	38600000	38800000	112	3
358	chr4	38840000	38880000	112	3
359	chr4	38920000	39040000	112	3
360	chr4	39080000	39120000	112	3
361	chr4	39160000	39200000	112	3
362	chr4	39240000	39280000	112	3
363	chr4	39320000	39360000	112	3
364	chr4	39400000	39440000	112	3
365	chr4	39480000	39520000	112	3
366	chr4	39560000	39600000	112	3
367	chr4	39640000	39680000	112	3
368	chr4	39720000	39760000	112	3
369	chr4	39800000	39840000	112	3
370	chr4	39880000	39960000	112	3
371	chr4	40000000	40040000	112	3
372	chr4	40080000	40200000	112	3
373	chr4	40240000	40400000	112	3
374	chr4	40440000	40520000	112	3
375	chr4	40560000	40600000	112	3
376	chr4	40640000	40680000	112	3
377	chr4	40720000	40840000	112	3
378	chr4	40880000	40920000	112	3
379	chr4	40960000	41000000	112	3
380	chr4	41040000	41120000	112	3
381	chr4	41160000	41200000	112	3
382	chr4	41240000	41280000	112	3
383	chr4	41320000	41360000	112	3
384	chr4	41400000	41480000	112	3
385	chr4	41520000	41560000	112	3
386	chr4	41600000	41640000	112	3
387	chr4	46640000	47120000	114	3
388	chr4	47160000	47200000	114	3
389	chr4	47240000	47280000	114	3
390	chr4	47360000	47640000	115	3
391	chr4	48280000	48560000	120	3
392	chr4	48600000	48640000	120	3
393	chr4	52440000	52640000	121	3
394	chr4	53120000	53280000	122	3
395	chr4	53320000	53440000	122	3
396	chr4	53480000	53520000	122	3
397	chr4	53600000	53840000	123	3
398	chr4	53880000	53920000	123	3
399	chr4	53960000	54000000	123	3
400	chr4	54040000	54280000	123	3
401	chr4	54320000	54360000	123	3
402	chr4	54400000	54480000	123	3
403	chr4	54520000	54560000	123	3
404	chr4	54600000	54640000	123	3
405	chr4	54680000	54760000	123	3
406	chr4	54880000	55120000	124	3
407	chr4	55160000	55200000	124	3
408	chr4	55240000	55280000	124	3
409	chr4	55320000	55440000	124	3
410	chr4	55480000	55520000	124	3
411	chr4	55600000	55880000	125	3
412	chr4	56960000	57200000	131	3
413	chr4	57240000	57320000	131	3
414	chr4	57360000	57400000	131	3
415	chr4	57440000	57480000	131	3
416	chr4	71760000	72000000	132	3
417	chr4	72040000	72080000	132	3
418	chr4	72160000	72400000	133	3
419	chr4	72440000	72480000	133	3
420	chr4	72520000	72560000	133	3
421	chr4	72600000	72640000	133	3
422	chr4	74680000	75200000	136	3
423	chr4	76000000	76480000	139	3
424	chr4	76520000	76560000	139	3
425	chr4	76720000	77000000	140	3
426	chr4	77320000	77600000	143	3
427	chr4	77680000	77920000	144	3
428	chr4	77960000	78080000	144	3
429	chr4	78120000	78160000	144	3
430	chr4	79120000	79600000	148	3
431	chr4	79680000	80040000	149	3
432	chr4	82240000	82480000	155	3
433	chr4	82560000	83400000	156	3
434	chr4	83640000	83760000	157	3
435	chr4	83800000	83840000	157	3
436	chr4	83880000	83920000	157	3
437	chr4	84640000	84880000	162	3
438	chr4	84920000	85160000	162	3
439	chr4	85840000	86080000	163	3
440	chr4	87680000	87840000	165	3
441	chr4	87880000	87920000	165	3
442	chr4	87960000	88000000	165	3
443	chr4	88440000	88680000	168	3
444	chr4	89400000	89640000	173	3
445	chr4	89720000	89960000	174	3
446	chr4	90000000	90040000	174	3
447	chr4	90080000	90160000	174	3
448	chr4	90600000	91000000	176	3
449	chr4	95560000	95720000	177	3
450	chr4	95800000	96200000	178	3
451	chr4	99400000	99600000	179	3
452	chr4	99640000	99720000	179	3
453	chr4	99760000	99800000	179	3
454	chr4	99840000	99920000	179	3
455	chr4	99960000	100000000	179	3
456	chr4	100040000	100080000	179	3
457	chr4	100280000	100560000	180	3
458	chr4	101120000	101360000	182	3
459	chr4	102360000	102400000	182	3
460	chr4	102440000	102520000	182	3
461	chr4	103600000	103960000	183	3
462	chr4	104000000	104040000	183	3
463	chr4	106320000	106440000	184	3
464	chr4	109160000	109680000	185	3
465	chr4	109840000	110520000	186	3
466	chr4	110600000	110880000	187	3
467	chr4	110920000	110960000	187	3
468	chr4	111160000	111680000	188	3
469	chr4	113240000	113480000	189	3
470	chr4	113520000	113760000	189	3
471	chr4	113800000	113960000	189	3
472	chr4	114560000	114680000	190	3
473	chr4	114720000	114920000	190	3
474	chr4	114960000	115040000	190	3
475	chr4	115080000	115120000	190	3
476	chr4	115160000	115200000	190	3
477	chr4	115240000	115360000	190	3
478	chr4	115400000	115480000	190	3
479	chr4	119880000	120080000	191	3
480	chr4	120160000	120400000	192	3
481	chr4	120760000	121000000	195	3
482	chr4	121040000	121120000	195	3
483	chr4	121240000	122360000	196	3
484	chr4	123080000	123240000	197	3
485	chr4	123280000	123320000	197	3
486	chr4	123360000	123440000	197	3
487	chr4	123760000	124040000	199	3
488	chr4	124280000	124560000	200	3
489	chr4	124600000	124680000	200	3
490	chr4	124720000	124760000	200	3
491	chr4	124800000	124840000	200	3
492	chr4	124880000	124920000	200	3
493	chr4	124960000	125000000	200	3
494	chr4	125040000	125080000	200	3
495	chr4	125120000	125160000	200	3
496	chr4	125200000	125240000	200	3
497	chr4	125320000	125400000	200	3
498	chr4	125480000	126400000	201	3
499	chr4	126480000	126880000	202	3
500	chr4	127000000	127040000	202	3
501	chr4	127480000	127520000	202	3
502	chr4	127560000	127600000	202	3
503	chr4	127760000	128280000	202	3
504	chr4	128320000	128360000	202	3
505	chr4	128400000	128440000	202	3
506	chr4	128600000	128640000	202	3
507	chr4	128680000	128720000	202	3
508	chr4	128960000	129200000	204	3
509	chr4	129360000	129600000	206	3
510	chr4	129640000	129720000	206	3
511	chr4	129760000	129840000	206	3
512	chr4	129880000	129920000	206	3
513	chr4	129960000	130000000	206	3
514	chr4	138280000	139160000	208	3
515	chr4	139200000	139240000	208	3
516	chr4	139280000	139320000	208	3
517	chr4	139360000	139440000	208	3
518	chr4	139480000	139600000	208	3
519	chr4	139640000	139680000	208	3
520	chr4	139720000	139800000	208	3
521	chr4	139840000	139880000	208	3
522	chr4	139920000	140000000	208	3
523	chr4	140040000	140080000	208	3
524	chr4	140200000	140440000	209	3
525	chr4	140480000	140520000	209	3
526	chr4	140560000	140600000	209	3
527	chr4	140720000	140960000	210	3
528	chr4	141000000	141080000	210	3
529	chr4	141120000	141160000	210	3
530	chr4	141200000	141320000	210	3
531	chr4	141360000	141400000	210	3
532	chr4	141440000	141480000	210	3
533	chr4	141560000	141800000	211	3
534	chr4	141840000	141880000	211	3
535	chr4	141920000	141960000	211	3
536	chr4	142320000	143240000	213	3
537	chr4	143280000	144000000	213	3
538	chr4	144360000	144600000	216	3
539	chr4	146320000	146720000	219	3
540	chr4	146800000	147040000	220	3
541	chr4	147120000	147360000	221	3
542	chr4	147400000	148160000	221	3
543	chr4	148280000	148640000	222	3
544	chr4	148680000	148720000	222	3
545	chr4	149080000	149320000	224	3
546	chr4	149480000	149520000	224	3
547	chr4	149560000	150480000	224	3
548	chr4	150840000	150880000	224	3
549	chr4	151440000	151720000	226	3
550	chr4	151840000	151880000	226	3
551	chr4	151920000	152000000	226	3
552	chr4	152040000	152080000	226	3
553	chr4	152280000	152480000	227	3
554	chr4	152520000	152800000	227	3
555	chr4	152840000	152920000	227	3
556	chr4	152960000	153360000	227	3
557	chr4	153400000	153440000	227	3
558	chr4	153600000	153880000	228	3
559	chr4	153960000	154240000	229	3
560	chr4	154320000	154560000	230	3
561	chr4	154600000	154720000	230	3
562	chr4	156560000	156920000	233	3
563	chr4	157440000	157520000	235	3
564	chr4	157720000	157760000	235	3
565	chr4	157880000	157920000	235	3
566	chr4	157960000	158120000	235	3
567	chr4	158160000	158200000	235	3
568	chr4	159400000	159760000	237	3
569	chr4	159880000	160080000	238	3
570	chr4	160120000	160160000	238	3
571	chr4	160200000	160240000	238	3
572	chr4	160280000	160360000	238	3
573	chr4	160400000	160440000	238	3
574	chr4	160480000	160560000	238	3
575	chr4	166280000	166600000	242	3
576	chr4	169360000	169640000	244	3
577	chr4	169680000	169720000	244	3
578	chr4	169760000	169880000	244	3
579	chr4	169920000	170000000	244	3
580	chr4	170040000	170080000	244	3
581	chr4	170200000	170440000	245	3
582	chr4	170480000	170560000	245	3
583	chr4	170600000	170640000	245	3
584	chr4	170960000	171240000	248	3
585	chr4	174160000	174440000	249	3
586	chr4	174480000	174520000	249	3
587	chr4	174600000	175280000	250	3
588	chr4	177320000	177480000	251	3
589	chr4	177560000	177840000	252	3
590	chr4	177880000	177960000	252	3
591	chr4	178000000	178040000	252	3
592	chr4	178080000	178120000	252	3
593	chr4	178160000	178240000	252	3
594	chr4	178280000	178400000	252	3
595	chr4	178440000	178480000	252	3
596	chr4	182720000	183080000	254	3
597	chr4	183120000	183160000	254	3
598	chr4	183200000	183240000	254	3
599	chr4	183360000	183400000	254	3
600	chr4	183440000	183480000	254	3
601	chr4	183520000	183600000	254	3
602	chr4	183640000	183800000	254	3
603	chr4	183840000	183880000	254	3
604	chr4	183920000	183960000	254	3
605	chr4	184000000	184040000	254	3
606	chr4	184120000	184440000	255	3
607	chr4	184480000	184520000	255	3
608	chr4	184920000	185360000	257	3
609	chr4	185440000	185720000	258	3
610	chr4	185760000	185840000	258	3
611	chr4	185920000	186160000	259	3
612	chr4	186200000	186280000	259	3
613	chr4	186800000	187280000	262	3
614	chr4	187400000	187720000	263	3
615	chr4	187760000	187800000	263	3
616	chr4	187840000	187880000	263	3
617	chr4	187920000	188000000	263	3
618	chr4	188040000	188080000	263	3
619	chr4	188200000	188240000	263	3
620	chr4	188280000	188360000	263	3
621	chr4	188400000	188440000	263	3
622	chr4	188480000	188560000	263	3
623	chr4	188600000	188640000	263	3
624	chr4	188680000	188720000	263	3
625	chr4	188840000	188880000	263	3
626	chr4	189040000	189080000	263	3
627	chr4	189120000	189160000	263	3
628	chr4	189200000	189360000	263	3
629	chr4	189400000	189440000	263	3
630	chr4	189480000	189520000	263	3
631	chr4	189560000	190280000	263	3
632	chr4	190320000	190360000	263	3
633	chr4	190520000	190600000	263	3
634	chr4	190640000	190680000	263	3
635	chr4	190720000	190800000	263	3
636	chr4	190840000	190920000	263	3
637	chr4	191040000	191080000	263	3
