1	chr5	80000	520000	-1	1
2	chr5	560000	1720000	-1	1
3	chr5	1760000	7920000	-1	1
4	chr5	7960000	10480000	-1	1
5	chr5	10520000	11240000	-1	1
6	chr5	13560000	14000000	-1	1
7	chr5	14040000	14440000	-1	1
8	chr5	14480000	14720000	-1	1
9	chr5	14760000	15080000	-1	1
10	chr5	15120000	16160000	-1	1
11	chr5	16560000	16720000	-1	1
12	chr5	16760000	17280000	-1	1
13	chr5	17320000	17600000	-1	1
14	chr5	30840000	31280000	-1	1
15	chr5	31320000	31560000	-1	1
16	chr5	31600000	32160000	-1	1
17	chr5	32200000	34200000	-1	1
18	chr5	34400000	34480000	-1	1
19	chr5	34520000	34960000	-1	1
20	chr5	35000000	35040000	-1	1
21	chr5	35080000	36080000	-1	1
22	chr5	36440000	36760000	-1	1
23	chr5	36800000	36840000	-1	1
24	chr5	36960000	37040000	-1	1
25	chr5	37080000	37400000	-1	1
26	chr5	37440000	38320000	-1	1
27	chr5	38360000	38400000	-1	1
28	chr5	38440000	39000000	-1	1
29	chr5	39040000	41960000	-1	1
30	chr5	42960000	43560000	-1	1
31	chr5	43600000	43640000	-1	1
32	chr5	52040000	52440000	-1	1
33	chr5	52480000	54520000	-1	1
34	chr5	54560000	56600000	-1	1
35	chr5	56640000	57800000	-1	1
36	chr5	58360000	58520000	-1	1
37	chr5	59160000	59240000	-1	1
38	chr5	60320000	61040000	-1	1
39	chr5	64160000	64920000	-1	1
40	chr5	64960000	65520000	-1	1
41	chr5	65560000	68400000	-1	1
42	chr5	68440000	68880000	-1	1
43	chr5	70800000	72240000	-1	1
44	chr5	72280000	72880000	-1	1
45	chr5	72920000	74080000	-1	1
46	chr5	74120000	74640000	-1	1
47	chr5	74680000	75040000	-1	1
48	chr5	75680000	77600000	-1	1
49	chr5	77640000	78320000	-1	1
50	chr5	78360000	79960000	-1	1
51	chr5	80000000	80640000	-1	1
52	chr5	80680000	81600000	-1	1
53	chr5	81640000	82960000	-1	1
54	chr5	86400000	86760000	-1	1
55	chr5	90240000	90800000	-1	1
56	chr5	90840000	94280000	-1	1
57	chr5	94920000	96120000	-1	1
58	chr5	96160000	98240000	-1	1
59	chr5	98360000	180680000	-1	1
60	chr5	80000	320000	1	2
61	chr5	360000	480000	1	2
62	chr5	560000	720000	2	2
63	chr5	840000	920000	2	2
64	chr5	960000	1000000	2	2
65	chr5	1040000	1080000	2	2
66	chr5	1200000	1240000	2	2
67	chr5	1280000	1400000	2	2
68	chr5	1440000	1520000	2	2
69	chr5	1560000	1680000	2	2
70	chr5	1760000	2120000	3	2
71	chr5	2240000	2280000	3	2
72	chr5	2400000	2440000	3	2
73	chr5	2560000	2600000	3	2
74	chr5	2640000	7880000	3	2
75	chr5	8120000	8160000	4	2
76	chr5	8200000	8280000	4	2
77	chr5	8880000	8920000	4	2
78	chr5	8960000	9000000	4	2
79	chr5	9040000	9080000	4	2
80	chr5	9120000	9280000	4	2
81	chr5	9320000	9600000	4	2
82	chr5	9640000	9840000	4	2
83	chr5	9880000	9920000	4	2
84	chr5	9960000	10120000	4	2
85	chr5	10160000	10440000	4	2
86	chr5	10520000	10680000	5	2
87	chr5	10720000	10760000	5	2
88	chr5	10800000	10880000	5	2
89	chr5	10920000	10960000	5	2
90	chr5	11000000	11040000	5	2
91	chr5	11080000	11120000	5	2
92	chr5	13640000	13680000	6	2
93	chr5	13800000	13880000	6	2
94	chr5	13920000	13960000	6	2
95	chr5	14080000	14200000	7	2
96	chr5	14240000	14280000	7	2
97	chr5	14320000	14400000	7	2
98	chr5	14480000	14560000	8	2
99	chr5	14600000	14680000	8	2
100	chr5	14760000	14840000	9	2
101	chr5	14880000	14920000	9	2
102	chr5	14960000	15040000	9	2
103	chr5	15160000	15200000	10	2
104	chr5	15360000	15400000	10	2
105	chr5	15560000	16040000	10	2
106	chr5	16560000	16680000	11	2
107	chr5	16760000	16840000	12	2
108	chr5	16880000	16920000	12	2
109	chr5	16960000	17000000	12	2
110	chr5	17040000	17080000	12	2
111	chr5	17120000	17160000	12	2
112	chr5	17200000	17240000	12	2
113	chr5	17320000	17560000	13	2
114	chr5	30920000	31000000	14	2
115	chr5	31120000	31160000	14	2
116	chr5	31200000	31240000	14	2
117	chr5	31320000	31520000	15	2
118	chr5	31640000	31840000	16	2
119	chr5	31880000	32120000	16	2
120	chr5	32200000	32280000	17	2
121	chr5	32320000	32360000	17	2
122	chr5	32400000	32440000	17	2
123	chr5	32480000	32520000	17	2
124	chr5	32560000	32640000	17	2
125	chr5	32680000	32720000	17	2
126	chr5	32760000	32840000	17	2
127	chr5	32880000	32920000	17	2
128	chr5	32960000	33000000	17	2
129	chr5	33040000	33080000	17	2
130	chr5	33120000	33240000	17	2
131	chr5	33280000	33320000	17	2
132	chr5	33360000	33480000	17	2
133	chr5	33520000	33560000	17	2
134	chr5	33600000	33640000	17	2
135	chr5	33680000	33720000	17	2
136	chr5	33760000	33800000	17	2
137	chr5	33840000	33880000	17	2
138	chr5	33920000	33960000	17	2
139	chr5	34000000	34040000	17	2
140	chr5	34080000	34160000	17	2
141	chr5	34560000	34600000	19	2
142	chr5	34640000	34680000	19	2
143	chr5	34720000	34760000	19	2
144	chr5	34800000	34840000	19	2
145	chr5	34880000	34920000	19	2
146	chr5	35080000	35240000	21	2
147	chr5	35280000	35320000	21	2
148	chr5	35360000	35400000	21	2
149	chr5	35800000	35840000	21	2
150	chr5	35880000	35920000	21	2
151	chr5	36480000	36520000	22	2
152	chr5	36680000	36720000	22	2
153	chr5	37120000	37200000	25	2
154	chr5	37240000	37280000	25	2
155	chr5	37320000	37360000	25	2
156	chr5	37440000	37760000	26	2
157	chr5	37800000	37840000	26	2
158	chr5	37880000	37920000	26	2
159	chr5	37960000	38280000	26	2
160	chr5	38480000	38520000	28	2
161	chr5	38560000	38600000	28	2
162	chr5	38640000	38680000	28	2
163	chr5	38720000	38760000	28	2
164	chr5	38800000	38840000	28	2
165	chr5	38880000	38960000	28	2
166	chr5	39040000	39120000	29	2
167	chr5	39160000	39240000	29	2
168	chr5	39280000	39320000	29	2
169	chr5	39440000	39600000	29	2
170	chr5	39840000	39880000	29	2
171	chr5	40240000	40280000	29	2
172	chr5	40440000	40480000	29	2
173	chr5	40520000	40560000	29	2
174	chr5	40600000	40640000	29	2
175	chr5	40760000	40800000	29	2
176	chr5	40840000	40880000	29	2
177	chr5	41040000	41080000	29	2
178	chr5	41120000	41160000	29	2
179	chr5	41200000	41280000	29	2
180	chr5	42960000	43080000	30	2
181	chr5	43120000	43160000	30	2
182	chr5	43200000	43240000	30	2
183	chr5	43280000	43320000	30	2
184	chr5	43360000	43440000	30	2
185	chr5	43480000	43520000	30	2
186	chr5	52160000	52240000	32	2
187	chr5	52280000	52320000	32	2
188	chr5	52360000	52400000	32	2
189	chr5	52480000	52800000	33	2
190	chr5	52840000	53240000	33	2
191	chr5	53280000	53320000	33	2
192	chr5	53360000	53400000	33	2
193	chr5	53440000	53480000	33	2
194	chr5	53600000	53760000	33	2
195	chr5	53800000	53840000	33	2
196	chr5	53880000	54080000	33	2
197	chr5	54120000	54160000	33	2
198	chr5	54200000	54240000	33	2
199	chr5	54280000	54480000	33	2
200	chr5	54560000	54640000	34	2
201	chr5	54680000	54720000	34	2
202	chr5	54760000	55040000	34	2
203	chr5	55080000	55160000	34	2
204	chr5	55200000	55240000	34	2
205	chr5	55280000	55320000	34	2
206	chr5	55360000	55440000	34	2
207	chr5	55480000	55520000	34	2
208	chr5	55560000	55600000	34	2
209	chr5	55640000	55760000	34	2
210	chr5	55800000	55840000	34	2
211	chr5	55880000	55960000	34	2
212	chr5	56000000	56160000	34	2
213	chr5	56200000	56240000	34	2
214	chr5	56280000	56560000	34	2
215	chr5	56640000	56840000	35	2
216	chr5	56880000	57000000	35	2
217	chr5	57040000	57080000	35	2
218	chr5	57120000	57160000	35	2
219	chr5	57200000	57240000	35	2
220	chr5	57480000	57520000	35	2
221	chr5	57560000	57600000	35	2
222	chr5	57640000	57760000	35	2
223	chr5	58400000	58480000	36	2
224	chr5	60440000	60480000	38	2
225	chr5	60520000	60600000	38	2
226	chr5	60640000	60680000	38	2
227	chr5	60720000	60880000	38	2
228	chr5	60920000	61000000	38	2
229	chr5	64200000	64280000	39	2
230	chr5	64320000	64360000	39	2
231	chr5	64400000	64440000	39	2
232	chr5	64480000	64520000	39	2
233	chr5	64560000	64640000	39	2
234	chr5	64680000	64720000	39	2
235	chr5	64760000	64800000	39	2
236	chr5	64840000	64880000	39	2
237	chr5	65000000	65040000	40	2
238	chr5	65080000	65160000	40	2
239	chr5	65200000	65240000	40	2
240	chr5	65280000	65320000	40	2
241	chr5	65360000	65400000	40	2
242	chr5	65440000	65480000	40	2
243	chr5	65600000	65640000	41	2
244	chr5	65760000	65840000	41	2
245	chr5	66160000	66560000	41	2
246	chr5	66600000	66640000	41	2
247	chr5	66880000	66920000	41	2
248	chr5	67240000	67280000	41	2
249	chr5	67400000	67480000	41	2
250	chr5	67640000	67680000	41	2
251	chr5	67720000	67880000	41	2
252	chr5	68440000	68560000	42	2
253	chr5	68600000	68680000	42	2
254	chr5	68720000	68760000	42	2
255	chr5	68800000	68840000	42	2
256	chr5	70840000	70880000	43	2
257	chr5	70920000	70960000	43	2
258	chr5	71000000	71080000	43	2
259	chr5	71200000	71240000	43	2
260	chr5	71280000	71360000	43	2
261	chr5	71400000	71440000	43	2
262	chr5	71480000	71560000	43	2
263	chr5	71600000	71640000	43	2
264	chr5	71680000	71720000	43	2
265	chr5	71760000	71880000	43	2
266	chr5	71920000	71960000	43	2
267	chr5	72000000	72040000	43	2
268	chr5	72080000	72120000	43	2
269	chr5	72160000	72200000	43	2
270	chr5	72280000	72400000	44	2
271	chr5	72440000	72560000	44	2
272	chr5	72600000	72640000	44	2
273	chr5	72680000	72760000	44	2
274	chr5	72800000	72840000	44	2
275	chr5	72960000	73040000	45	2
276	chr5	73080000	73120000	45	2
277	chr5	73160000	73240000	45	2
278	chr5	73280000	73320000	45	2
279	chr5	73360000	73480000	45	2
280	chr5	73520000	73560000	45	2
281	chr5	73600000	73640000	45	2
282	chr5	73680000	73960000	45	2
283	chr5	74120000	74240000	46	2
284	chr5	74280000	74400000	46	2
285	chr5	74760000	74920000	47	2
286	chr5	74960000	75000000	47	2
287	chr5	75680000	75920000	48	2
288	chr5	75960000	76040000	48	2
289	chr5	76080000	76120000	48	2
290	chr5	76160000	76200000	48	2
291	chr5	76240000	76360000	48	2
292	chr5	76400000	76440000	48	2
293	chr5	76480000	76600000	48	2
294	chr5	76640000	76680000	48	2
295	chr5	76720000	76800000	48	2
296	chr5	76960000	77000000	48	2
297	chr5	77040000	77320000	48	2
298	chr5	77480000	77560000	48	2
299	chr5	77640000	77800000	49	2
300	chr5	77840000	78000000	49	2
301	chr5	78040000	78080000	49	2
302	chr5	78120000	78200000	49	2
303	chr5	78400000	78560000	50	2
304	chr5	78600000	78640000	50	2
305	chr5	78680000	78720000	50	2
306	chr5	78840000	78880000	50	2
307	chr5	79000000	79040000	50	2
308	chr5	79080000	79120000	50	2
309	chr5	79160000	79200000	50	2
310	chr5	79240000	79400000	50	2
311	chr5	79440000	79640000	50	2
312	chr5	79680000	79760000	50	2
313	chr5	79880000	79920000	50	2
314	chr5	80000000	80600000	51	2
315	chr5	80680000	80760000	52	2
316	chr5	80920000	81000000	52	2
317	chr5	81040000	81080000	52	2
318	chr5	81120000	81200000	52	2
319	chr5	81360000	81400000	52	2
320	chr5	81440000	81480000	52	2
321	chr5	81520000	81560000	52	2
322	chr5	81680000	81760000	53	2
323	chr5	82400000	82440000	53	2
324	chr5	82840000	82920000	53	2
325	chr5	86440000	86480000	54	2
326	chr5	86520000	86560000	54	2
327	chr5	86600000	86640000	54	2
328	chr5	86680000	86720000	54	2
329	chr5	90360000	90440000	55	2
330	chr5	90480000	90520000	55	2
331	chr5	90560000	90600000	55	2
332	chr5	90640000	90680000	55	2
333	chr5	92000000	92040000	56	2
334	chr5	92360000	92400000	56	2
335	chr5	92520000	92560000	56	2
336	chr5	92600000	92640000	56	2
337	chr5	92680000	92720000	56	2
338	chr5	92760000	92800000	56	2
339	chr5	92840000	92880000	56	2
340	chr5	93000000	93160000	56	2
341	chr5	94920000	95000000	57	2
342	chr5	95040000	95120000	57	2
343	chr5	95160000	95200000	57	2
344	chr5	95240000	95320000	57	2
345	chr5	95360000	95440000	57	2
346	chr5	95480000	95520000	57	2
347	chr5	95560000	95720000	57	2
348	chr5	95760000	95960000	57	2
349	chr5	96000000	96080000	57	2
350	chr5	96160000	96520000	58	2
351	chr5	97240000	97280000	58	2
352	chr5	97520000	97560000	58	2
353	chr5	97720000	97760000	58	2
354	chr5	97800000	98120000	58	2
355	chr5	98360000	98440000	59	2
356	chr5	107880000	108880000	59	2
357	chr5	109080000	109240000	59	2
358	chr5	110120000	112320000	59	2
359	chr5	112360000	112400000	59	2
360	chr5	112440000	112480000	59	2
361	chr5	112520000	112560000	59	2
362	chr5	112600000	112680000	59	2
363	chr5	112720000	112880000	59	2
364	chr5	112920000	112960000	59	2
365	chr5	113400000	113440000	59	2
366	chr5	113480000	113720000	59	2
367	chr5	114680000	115000000	59	2
368	chr5	115040000	115200000	59	2
369	chr5	115240000	115440000	59	2
370	chr5	115720000	115760000	59	2
371	chr5	115800000	115840000	59	2
372	chr5	121360000	129600000	59	2
373	chr5	130480000	130520000	59	2
374	chr5	130560000	130760000	59	2
375	chr5	130800000	130840000	59	2
376	chr5	130880000	130920000	59	2
377	chr5	130960000	131000000	59	2
378	chr5	131040000	131080000	59	2
379	chr5	131120000	131160000	59	2
380	chr5	131200000	131400000	59	2
381	chr5	131440000	131560000	59	2
382	chr5	131600000	131640000	59	2
383	chr5	131680000	131720000	59	2
384	chr5	131760000	131880000	59	2
385	chr5	131920000	131960000	59	2
386	chr5	132000000	132040000	59	2
387	chr5	132080000	132120000	59	2
388	chr5	132160000	132240000	59	2
389	chr5	132280000	132320000	59	2
390	chr5	132360000	132400000	59	2
391	chr5	132440000	132480000	59	2
392	chr5	132520000	132720000	59	2
393	chr5	132760000	132880000	59	2
394	chr5	132920000	133320000	59	2
395	chr5	133360000	133400000	59	2
396	chr5	133440000	133520000	59	2
397	chr5	133560000	133640000	59	2
398	chr5	133680000	133960000	59	2
399	chr5	134000000	134040000	59	2
400	chr5	134080000	134120000	59	2
401	chr5	134160000	134200000	59	2
402	chr5	134240000	134280000	59	2
403	chr5	134320000	134400000	59	2
404	chr5	134440000	134800000	59	2
405	chr5	134840000	135120000	59	2
406	chr5	135320000	135440000	59	2
407	chr5	135480000	135560000	59	2
408	chr5	135600000	136960000	59	2
409	chr5	137000000	137120000	59	2
410	chr5	137160000	137240000	59	2
411	chr5	137280000	137320000	59	2
412	chr5	137360000	137400000	59	2
413	chr5	137440000	137520000	59	2
414	chr5	137560000	137600000	59	2
415	chr5	137640000	137680000	59	2
416	chr5	137720000	137800000	59	2
417	chr5	137840000	137920000	59	2
418	chr5	137960000	138000000	59	2
419	chr5	138040000	138640000	59	2
420	chr5	138680000	138880000	59	2
421	chr5	138920000	138960000	59	2
422	chr5	139000000	139120000	59	2
423	chr5	139160000	139280000	59	2
424	chr5	139320000	140080000	59	2
425	chr5	140720000	141280000	59	2
426	chr5	141320000	141360000	59	2
427	chr5	141400000	141520000	59	2
428	chr5	141560000	141680000	59	2
429	chr5	141720000	141760000	59	2
430	chr5	141800000	141880000	59	2
431	chr5	141920000	141960000	59	2
432	chr5	142000000	145840000	59	2
433	chr5	148120000	150400000	59	2
434	chr5	150440000	150480000	59	2
435	chr5	150520000	150560000	59	2
436	chr5	150600000	150640000	59	2
437	chr5	150680000	150720000	59	2
438	chr5	150760000	150800000	59	2
439	chr5	150840000	150880000	59	2
440	chr5	150920000	151000000	59	2
441	chr5	151040000	151160000	59	2
442	chr5	152880000	153000000	59	2
443	chr5	153040000	153080000	59	2
444	chr5	153240000	153280000	59	2
445	chr5	153400000	153440000	59	2
446	chr5	153480000	153520000	59	2
447	chr5	153560000	153760000	59	2
448	chr5	153800000	153840000	59	2
449	chr5	153880000	153920000	59	2
450	chr5	154040000	154080000	59	2
451	chr5	154120000	154160000	59	2
452	chr5	154200000	154240000	59	2
453	chr5	154280000	154320000	59	2
454	chr5	154640000	154680000	59	2
455	chr5	154720000	154760000	59	2
456	chr5	154920000	156520000	59	2
457	chr5	156640000	156680000	59	2
458	chr5	156720000	156880000	59	2
459	chr5	156920000	157080000	59	2
460	chr5	157480000	158520000	59	2
461	chr5	158560000	158640000	59	2
462	chr5	158680000	158880000	59	2
463	chr5	158920000	159120000	59	2
464	chr5	159160000	159200000	59	2
465	chr5	159240000	159280000	59	2
466	chr5	159320000	159360000	59	2
467	chr5	159400000	159760000	59	2
468	chr5	159800000	159840000	59	2
469	chr5	162840000	162880000	59	2
470	chr5	163000000	163040000	59	2
471	chr5	163080000	163120000	59	2
472	chr5	163160000	163200000	59	2
473	chr5	163560000	163600000	59	2
474	chr5	166960000	167920000	59	2
475	chr5	167960000	169160000	59	2
476	chr5	169200000	169240000	59	2
477	chr5	169280000	169360000	59	2
478	chr5	169400000	169440000	59	2
479	chr5	169480000	169520000	59	2
480	chr5	169560000	169600000	59	2
481	chr5	169640000	169760000	59	2
482	chr5	169800000	169840000	59	2
483	chr5	169880000	169920000	59	2
484	chr5	169960000	170000000	59	2
485	chr5	170040000	170080000	59	2
486	chr5	170120000	170200000	59	2
487	chr5	170240000	170280000	59	2
488	chr5	170320000	170560000	59	2
489	chr5	170600000	170760000	59	2
490	chr5	170800000	170840000	59	2
491	chr5	170880000	171000000	59	2
492	chr5	171040000	171200000	59	2
493	chr5	171240000	171280000	59	2
494	chr5	171320000	171360000	59	2
495	chr5	171400000	171440000	59	2
496	chr5	171480000	171520000	59	2
497	chr5	171560000	171640000	59	2
498	chr5	171680000	171720000	59	2
499	chr5	171760000	171800000	59	2
500	chr5	171840000	171960000	59	2
501	chr5	172000000	172040000	59	2
502	chr5	172080000	172120000	59	2
503	chr5	172160000	172320000	59	2
504	chr5	172360000	172440000	59	2
505	chr5	172480000	172520000	59	2
506	chr5	172560000	172600000	59	2
507	chr5	172640000	172680000	59	2
508	chr5	172720000	172760000	59	2
509	chr5	172800000	172840000	59	2
510	chr5	172880000	172960000	59	2
511	chr5	173000000	173360000	59	2
512	chr5	173400000	173440000	59	2
513	chr5	173480000	173640000	59	2
514	chr5	173800000	174120000	59	2
515	chr5	174160000	174200000	59	2
516	chr5	174240000	174320000	59	2
517	chr5	174360000	174400000	59	2
518	chr5	174520000	174560000	59	2
519	chr5	174600000	174640000	59	2
520	chr5	174680000	174760000	59	2
521	chr5	174800000	174840000	59	2
522	chr5	174880000	174920000	59	2
523	chr5	175120000	175320000	59	2
524	chr5	175520000	175720000	59	2
525	chr5	175800000	175920000	59	2
526	chr5	175960000	176040000	59	2
527	chr5	176080000	176200000	59	2
528	chr5	176240000	176320000	59	2
529	chr5	176360000	176400000	59	2
530	chr5	176440000	176480000	59	2
531	chr5	176520000	176600000	59	2
532	chr5	176640000	176680000	59	2
533	chr5	176720000	176760000	59	2
534	chr5	176800000	176840000	59	2
535	chr5	176880000	176960000	59	2
536	chr5	177320000	177360000	59	2
537	chr5	177480000	177560000	59	2
538	chr5	177680000	177720000	59	2
539	chr5	177760000	177800000	59	2
540	chr5	177840000	177880000	59	2
541	chr5	177920000	177960000	59	2
542	chr5	178000000	178040000	59	2
543	chr5	178080000	178120000	59	2
544	chr5	178160000	178240000	59	2
545	chr5	178280000	178400000	59	2
546	chr5	178440000	178520000	59	2
547	chr5	178560000	178600000	59	2
548	chr5	178640000	178680000	59	2
549	chr5	178720000	178920000	59	2
550	chr5	178960000	179040000	59	2
551	chr5	179080000	179240000	59	2
552	chr5	179280000	179480000	59	2
553	chr5	179520000	179560000	59	2
554	chr5	179600000	179640000	59	2
555	chr5	179680000	179840000	59	2
556	chr5	179880000	179960000	59	2
557	chr5	180000000	180640000	59	2
