1	chr7	160000	360000	-1	1
2	chr7	480000	920000	-1	1
3	chr7	960000	1480000	-1	1
4	chr7	1520000	2400000	-1	1
5	chr7	2440000	2840000	-1	1
6	chr7	2880000	4640000	-1	1
7	chr7	4680000	4800000	-1	1
8	chr7	4840000	5200000	-1	1
9	chr7	5240000	5760000	-1	1
10	chr7	5800000	6480000	-1	1
11	chr7	6520000	6760000	-1	1
12	chr7	7120000	8280000	-1	1
13	chr7	12680000	13240000	-1	1
14	chr7	16640000	19560000	-1	1
15	chr7	22120000	22520000	-1	1
16	chr7	22560000	23560000	-1	1
17	chr7	23600000	23720000	-1	1
18	chr7	24720000	25160000	-1	1
19	chr7	25200000	29480000	-1	1
20	chr7	29760000	30600000	-1	1
21	chr7	30640000	31160000	-1	1
22	chr7	31760000	32240000	-1	1
23	chr7	32560000	33160000	-1	1
24	chr7	33200000	34200000	-1	1
25	chr7	34240000	34280000	-1	1
26	chr7	35240000	35280000	-1	1
27	chr7	35400000	35640000	-1	1
28	chr7	35680000	36440000	-1	1
29	chr7	36480000	37240000	-1	1
30	chr7	38120000	38400000	-1	1
31	chr7	38720000	39560000	-1	1
32	chr7	39600000	40120000	-1	1
33	chr7	40160000	41960000	-1	1
34	chr7	42000000	42880000	-1	1
35	chr7	42920000	43960000	-1	1
36	chr7	44080000	45160000	-1	1
37	chr7	45200000	45880000	-1	1
38	chr7	45920000	47280000	-1	1
39	chr7	47320000	48000000	-1	1
40	chr7	48040000	48200000	-1	1
41	chr7	50440000	51240000	-1	1
42	chr7	54800000	55640000	-1	1
43	chr7	55840000	56000000	-1	1
44	chr7	56040000	56160000	-1	1
45	chr7	56280000	56320000	-1	1
46	chr7	62960000	63040000	-1	1
47	chr7	64040000	64080000	-1	1
48	chr7	64360000	64560000	-1	1
49	chr7	64840000	66160000	-1	1
50	chr7	66200000	66240000	-1	1
51	chr7	66280000	71920000	-1	1
52	chr7	72360000	72600000	-1	1
53	chr7	72640000	73800000	-1	1
54	chr7	74920000	75840000	-1	1
55	chr7	76000000	76080000	-1	1
56	chr7	76120000	76160000	-1	1
57	chr7	76200000	77400000	-1	1
58	chr7	77440000	80160000	-1	1
59	chr7	80200000	80920000	-1	1
60	chr7	80960000	82240000	-1	1
61	chr7	83440000	84520000	-1	1
62	chr7	90000000	90520000	-1	1
63	chr7	90560000	90760000	-1	1
64	chr7	91360000	92000000	-1	1
65	chr7	92040000	92560000	-1	1
66	chr7	92600000	92680000	-1	1
67	chr7	93280000	93920000	-1	1
68	chr7	97320000	97400000	-1	1
69	chr7	97440000	97480000	-1	1
70	chr7	97520000	97720000	-1	1
71	chr7	97760000	98320000	-1	1
72	chr7	98360000	98880000	-1	1
73	chr7	98920000	99520000	-1	1
74	chr7	99560000	99880000	-1	1
75	chr7	99920000	100320000	-1	1
76	chr7	100360000	100720000	-1	1
77	chr7	100760000	101880000	-1	1
78	chr7	102120000	102600000	-1	1
79	chr7	102760000	102840000	-1	1
80	chr7	102880000	103640000	-1	1
81	chr7	103680000	103720000	-1	1
82	chr7	104320000	104360000	-1	1
83	chr7	104400000	105000000	-1	1
84	chr7	105040000	106600000	-1	1
85	chr7	106640000	107320000	-1	1
86	chr7	107360000	107600000	-1	1
87	chr7	107640000	107920000	-1	1
88	chr7	107960000	108000000	-1	1
89	chr7	111200000	111920000	-1	1
90	chr7	113480000	115560000	-1	1
91	chr7	115600000	116320000	-1	1
92	chr7	116360000	116840000	-1	1
93	chr7	117240000	117280000	-1	1
94	chr7	120400000	120560000	-1	1
95	chr7	120600000	120800000	-1	1
96	chr7	123600000	124240000	-1	1
97	chr7	127000000	127800000	-1	1
98	chr7	127840000	128320000	-1	1
99	chr7	128360000	129480000	-1	1
100	chr7	129520000	130200000	-1	1
101	chr7	130240000	130840000	-1	1
102	chr7	130880000	131000000	-1	1
103	chr7	131040000	133760000	-1	1
104	chr7	133800000	134320000	-1	1
105	chr7	134360000	134520000	-1	1
106	chr7	134560000	135000000	-1	1
107	chr7	135040000	135400000	-1	1
108	chr7	136240000	136960000	-1	1
109	chr7	137000000	137360000	-1	1
110	chr7	137400000	138160000	-1	1
111	chr7	138200000	138440000	-1	1
112	chr7	138480000	138680000	-1	1
113	chr7	138720000	139720000	-1	1
114	chr7	139760000	140040000	-1	1
115	chr7	140080000	158840000	-1	1
116	chr7	160000	320000	1	2
117	chr7	480000	800000	2	2
118	chr7	840000	880000	2	2
119	chr7	960000	1120000	3	2
120	chr7	1160000	1200000	3	2
121	chr7	1240000	1320000	3	2
122	chr7	1360000	1440000	3	2
123	chr7	1560000	1680000	4	2
124	chr7	1720000	1960000	4	2
125	chr7	2000000	2040000	4	2
126	chr7	2080000	2120000	4	2
127	chr7	2160000	2240000	4	2
128	chr7	2280000	2360000	4	2
129	chr7	2440000	2640000	5	2
130	chr7	2760000	2800000	5	2
131	chr7	3000000	3040000	6	2
132	chr7	3080000	3200000	6	2
133	chr7	3240000	3280000	6	2
134	chr7	3440000	3480000	6	2
135	chr7	3600000	3680000	6	2
136	chr7	3720000	3760000	6	2
137	chr7	3880000	3920000	6	2
138	chr7	4320000	4360000	6	2
139	chr7	4480000	4520000	6	2
140	chr7	4840000	5000000	8	2
141	chr7	5040000	5080000	8	2
142	chr7	5120000	5160000	8	2
143	chr7	5240000	5440000	9	2
144	chr7	5480000	5600000	9	2
145	chr7	5640000	5720000	9	2
146	chr7	5840000	5960000	10	2
147	chr7	6000000	6160000	10	2
148	chr7	6200000	6360000	10	2
149	chr7	6400000	6440000	10	2
150	chr7	6520000	6720000	11	2
151	chr7	7320000	7360000	12	2
152	chr7	7480000	7600000	12	2
153	chr7	7720000	7760000	12	2
154	chr7	7800000	7840000	12	2
155	chr7	7880000	7920000	12	2
156	chr7	7960000	8000000	12	2
157	chr7	8040000	8080000	12	2
158	chr7	8120000	8160000	12	2
159	chr7	12680000	13200000	13	2
160	chr7	16640000	16800000	14	2
161	chr7	16960000	17000000	14	2
162	chr7	17040000	17080000	14	2
163	chr7	17120000	17160000	14	2
164	chr7	17200000	17240000	14	2
165	chr7	17280000	17320000	14	2
166	chr7	17360000	17680000	14	2
167	chr7	17920000	17960000	14	2
168	chr7	18000000	18040000	14	2
169	chr7	18400000	18560000	14	2
170	chr7	18680000	19120000	14	2
171	chr7	22120000	22480000	15	2
172	chr7	22600000	22720000	16	2
173	chr7	22760000	22800000	16	2
174	chr7	22840000	23120000	16	2
175	chr7	23160000	23200000	16	2
176	chr7	23240000	23280000	16	2
177	chr7	23320000	23440000	16	2
178	chr7	23480000	23520000	16	2
179	chr7	24720000	25120000	18	2
180	chr7	25800000	25840000	19	2
181	chr7	25960000	26000000	19	2
182	chr7	26120000	26160000	19	2
183	chr7	26200000	26240000	19	2
184	chr7	26280000	26360000	19	2
185	chr7	26480000	26520000	19	2
186	chr7	26560000	26600000	19	2
187	chr7	26760000	26840000	19	2
188	chr7	26880000	27160000	19	2
189	chr7	27200000	27240000	19	2
190	chr7	27280000	27320000	19	2
191	chr7	27360000	27400000	19	2
192	chr7	27440000	27480000	19	2
193	chr7	27520000	27560000	19	2
194	chr7	27640000	27760000	19	2
195	chr7	27800000	27840000	19	2
196	chr7	27880000	27920000	19	2
197	chr7	27960000	28040000	19	2
198	chr7	28080000	28120000	19	2
199	chr7	28160000	28200000	19	2
200	chr7	28240000	28280000	19	2
201	chr7	28320000	28920000	19	2
202	chr7	29760000	29920000	20	2
203	chr7	29960000	30120000	20	2
204	chr7	30160000	30200000	20	2
205	chr7	30240000	30280000	20	2
206	chr7	30320000	30480000	20	2
207	chr7	30520000	30560000	20	2
208	chr7	30640000	30800000	21	2
209	chr7	30840000	30920000	21	2
210	chr7	30960000	31000000	21	2
211	chr7	31040000	31120000	21	2
212	chr7	31800000	32120000	22	2
213	chr7	32160000	32200000	22	2
214	chr7	32560000	32760000	23	2
215	chr7	32800000	33120000	23	2
216	chr7	33360000	33400000	24	2
217	chr7	33760000	33960000	24	2
218	chr7	34000000	34080000	24	2
219	chr7	35400000	35600000	27	2
220	chr7	35720000	35840000	28	2
221	chr7	35880000	35920000	28	2
222	chr7	35960000	36000000	28	2
223	chr7	36040000	36120000	28	2
224	chr7	36160000	36200000	28	2
225	chr7	36240000	36320000	28	2
226	chr7	36360000	36400000	28	2
227	chr7	36480000	36680000	29	2
228	chr7	36800000	36840000	29	2
229	chr7	37000000	37200000	29	2
230	chr7	38240000	38280000	30	2
231	chr7	38320000	38360000	30	2
232	chr7	38840000	38920000	31	2
233	chr7	39200000	39240000	31	2
234	chr7	39600000	39800000	32	2
235	chr7	39920000	40080000	32	2
236	chr7	40200000	40320000	33	2
237	chr7	40360000	40680000	33	2
238	chr7	40720000	40760000	33	2
239	chr7	40800000	40840000	33	2
240	chr7	40880000	40920000	33	2
241	chr7	40960000	41000000	33	2
242	chr7	41040000	41120000	33	2
243	chr7	41160000	41240000	33	2
244	chr7	41280000	41320000	33	2
245	chr7	41360000	41400000	33	2
246	chr7	41440000	41480000	33	2
247	chr7	41520000	41560000	33	2
248	chr7	41600000	41640000	33	2
249	chr7	41760000	41840000	33	2
250	chr7	41880000	41920000	33	2
251	chr7	42000000	42840000	34	2
252	chr7	42920000	43480000	35	2
253	chr7	43520000	43560000	35	2
254	chr7	43600000	43640000	35	2
255	chr7	43680000	43720000	35	2
256	chr7	43760000	43840000	35	2
257	chr7	43880000	43920000	35	2
258	chr7	44080000	44240000	36	2
259	chr7	44280000	44320000	36	2
260	chr7	44360000	44400000	36	2
261	chr7	44440000	44480000	36	2
262	chr7	44520000	44600000	36	2
263	chr7	44640000	44680000	36	2
264	chr7	44720000	44760000	36	2
265	chr7	44800000	44840000	36	2
266	chr7	44880000	44960000	36	2
267	chr7	45000000	45040000	36	2
268	chr7	45080000	45120000	36	2
269	chr7	45200000	45360000	37	2
270	chr7	45400000	45480000	37	2
271	chr7	45520000	45640000	37	2
272	chr7	45680000	45720000	37	2
273	chr7	46000000	46080000	38	2
274	chr7	46120000	46160000	38	2
275	chr7	46200000	46280000	38	2
276	chr7	46320000	46360000	38	2
277	chr7	46400000	46560000	38	2
278	chr7	46600000	46640000	38	2
279	chr7	46680000	46760000	38	2
280	chr7	46800000	47000000	38	2
281	chr7	47040000	47080000	38	2
282	chr7	47120000	47160000	38	2
283	chr7	47200000	47240000	38	2
284	chr7	47320000	47480000	39	2
285	chr7	47520000	47600000	39	2
286	chr7	47640000	47680000	39	2
287	chr7	47720000	47760000	39	2
288	chr7	47800000	47840000	39	2
289	chr7	47880000	47960000	39	2
290	chr7	50440000	51200000	41	2
291	chr7	54840000	55320000	42	2
292	chr7	55360000	55480000	42	2
293	chr7	55520000	55600000	42	2
294	chr7	64400000	64520000	48	2
295	chr7	64840000	65000000	49	2
296	chr7	65040000	65120000	49	2
297	chr7	65160000	65240000	49	2
298	chr7	65280000	65400000	49	2
299	chr7	65440000	65480000	49	2
300	chr7	65520000	65600000	49	2
301	chr7	65640000	65680000	49	2
302	chr7	65720000	65840000	49	2
303	chr7	65880000	65920000	49	2
304	chr7	65960000	66000000	49	2
305	chr7	66040000	66120000	49	2
306	chr7	66440000	71800000	51	2
307	chr7	71840000	71880000	51	2
308	chr7	72360000	72560000	52	2
309	chr7	72640000	72800000	53	2
310	chr7	72840000	72920000	53	2
311	chr7	72960000	73120000	53	2
312	chr7	73160000	73240000	53	2
313	chr7	73280000	73480000	53	2
314	chr7	73520000	73600000	53	2
315	chr7	73640000	73680000	53	2
316	chr7	73720000	73760000	53	2
317	chr7	75000000	75240000	54	2
318	chr7	75280000	75320000	54	2
319	chr7	75360000	75440000	54	2
320	chr7	75480000	75520000	54	2
321	chr7	75560000	75600000	54	2
322	chr7	75640000	75800000	54	2
323	chr7	76400000	76480000	57	2
324	chr7	76600000	76720000	57	2
325	chr7	76760000	76800000	57	2
326	chr7	76840000	76880000	57	2
327	chr7	76920000	77080000	57	2
328	chr7	77120000	77160000	57	2
329	chr7	77200000	77240000	57	2
330	chr7	77280000	77360000	57	2
331	chr7	77440000	78000000	58	2
332	chr7	78200000	78240000	58	2
333	chr7	78520000	78560000	58	2
334	chr7	78800000	78840000	58	2
335	chr7	78960000	79000000	58	2
336	chr7	79120000	79160000	58	2
337	chr7	79200000	79240000	58	2
338	chr7	79280000	79320000	58	2
339	chr7	79360000	79400000	58	2
340	chr7	79440000	79520000	58	2
341	chr7	79560000	79720000	58	2
342	chr7	79760000	79800000	58	2
343	chr7	79840000	79880000	58	2
344	chr7	80000000	80040000	58	2
345	chr7	80080000	80120000	58	2
346	chr7	80200000	80400000	59	2
347	chr7	80440000	80560000	59	2
348	chr7	80680000	80720000	59	2
349	chr7	80760000	80800000	59	2
350	chr7	80840000	80880000	59	2
351	chr7	81000000	81280000	60	2
352	chr7	81320000	81360000	60	2
353	chr7	81880000	81920000	60	2
354	chr7	81960000	82000000	60	2
355	chr7	82160000	82200000	60	2
356	chr7	83440000	84480000	61	2
357	chr7	90120000	90160000	62	2
358	chr7	90200000	90240000	62	2
359	chr7	90280000	90320000	62	2
360	chr7	90680000	90720000	63	2
361	chr7	91360000	91520000	64	2
362	chr7	91560000	91600000	64	2
363	chr7	91640000	91720000	64	2
364	chr7	91760000	91800000	64	2
365	chr7	91840000	91880000	64	2
366	chr7	91920000	91960000	64	2
367	chr7	92040000	92200000	65	2
368	chr7	92240000	92320000	65	2
369	chr7	92360000	92520000	65	2
370	chr7	93400000	93640000	67	2
371	chr7	93680000	93760000	67	2
372	chr7	93800000	93880000	67	2
373	chr7	97520000	97680000	70	2
374	chr7	97760000	97920000	71	2
375	chr7	97960000	98000000	71	2
376	chr7	98120000	98160000	71	2
377	chr7	98200000	98280000	71	2
378	chr7	98360000	98520000	72	2
379	chr7	98560000	98640000	72	2
380	chr7	98680000	98720000	72	2
381	chr7	98760000	98840000	72	2
382	chr7	98920000	99080000	73	2
383	chr7	99120000	99160000	73	2
384	chr7	99200000	99320000	73	2
385	chr7	99360000	99480000	73	2
386	chr7	99560000	99760000	74	2
387	chr7	99920000	100080000	75	2
388	chr7	100120000	100160000	75	2
389	chr7	100200000	100280000	75	2
390	chr7	100360000	100520000	76	2
391	chr7	100560000	100600000	76	2
392	chr7	100640000	100680000	76	2
393	chr7	100760000	100920000	77	2
394	chr7	100960000	101040000	77	2
395	chr7	101160000	101240000	77	2
396	chr7	101280000	101360000	77	2
397	chr7	101400000	101440000	77	2
398	chr7	101480000	101520000	77	2
399	chr7	101560000	101600000	77	2
400	chr7	101640000	101720000	77	2
401	chr7	101760000	101840000	77	2
402	chr7	102280000	102360000	78	2
403	chr7	102400000	102480000	78	2
404	chr7	102520000	102560000	78	2
405	chr7	102880000	103600000	80	2
406	chr7	104400000	104560000	83	2
407	chr7	104600000	104640000	83	2
408	chr7	104680000	104720000	83	2
409	chr7	104760000	104800000	83	2
410	chr7	104840000	104960000	83	2
411	chr7	105040000	105200000	84	2
412	chr7	105240000	105320000	84	2
413	chr7	105360000	105400000	84	2
414	chr7	105440000	105480000	84	2
415	chr7	105520000	105600000	84	2
416	chr7	105640000	105720000	84	2
417	chr7	105760000	105800000	84	2
418	chr7	105840000	105880000	84	2
419	chr7	105920000	105960000	84	2
420	chr7	106000000	106120000	84	2
421	chr7	106160000	106200000	84	2
422	chr7	106240000	106280000	84	2
423	chr7	106320000	106360000	84	2
424	chr7	106400000	106560000	84	2
425	chr7	106680000	107000000	85	2
426	chr7	107040000	107080000	85	2
427	chr7	107120000	107160000	85	2
428	chr7	107200000	107280000	85	2
429	chr7	107360000	107560000	86	2
430	chr7	107800000	107880000	87	2
431	chr7	111200000	111880000	89	2
432	chr7	113480000	115440000	90	2
433	chr7	115480000	115520000	90	2
434	chr7	115600000	115760000	91	2
435	chr7	115800000	115840000	91	2
436	chr7	115880000	115920000	91	2
437	chr7	115960000	116000000	91	2
438	chr7	116040000	116280000	91	2
439	chr7	116360000	116560000	92	2
440	chr7	116680000	116720000	92	2
441	chr7	116760000	116800000	92	2
442	chr7	120600000	120760000	95	2
443	chr7	123640000	124200000	96	2
444	chr7	127040000	127160000	97	2
445	chr7	127200000	127240000	97	2
446	chr7	127280000	127360000	97	2
447	chr7	127400000	127440000	97	2
448	chr7	127480000	127520000	97	2
449	chr7	127560000	127640000	97	2
450	chr7	127680000	127760000	97	2
451	chr7	127880000	128040000	98	2
452	chr7	128080000	128160000	98	2
453	chr7	128200000	128280000	98	2
454	chr7	128360000	128520000	99	2
455	chr7	128560000	128640000	99	2
456	chr7	128680000	128760000	99	2
457	chr7	128800000	128920000	99	2
458	chr7	128960000	129080000	99	2
459	chr7	129120000	129280000	99	2
460	chr7	129320000	129440000	99	2
461	chr7	129520000	129720000	100	2
462	chr7	129760000	129840000	100	2
463	chr7	129880000	129920000	100	2
464	chr7	129960000	130080000	100	2
465	chr7	130120000	130160000	100	2
466	chr7	130240000	130400000	101	2
467	chr7	130440000	130520000	101	2
468	chr7	130560000	130600000	101	2
469	chr7	130640000	130680000	101	2
470	chr7	130720000	130800000	101	2
471	chr7	131120000	131200000	103	2
472	chr7	131240000	131680000	103	2
473	chr7	131800000	131840000	103	2
474	chr7	131880000	131920000	103	2
475	chr7	131960000	132000000	103	2
476	chr7	132040000	132080000	103	2
477	chr7	132120000	132160000	103	2
478	chr7	132200000	132240000	103	2
479	chr7	132360000	132400000	103	2
480	chr7	132520000	132560000	103	2
481	chr7	132680000	132720000	103	2
482	chr7	132880000	132920000	103	2
483	chr7	132960000	133040000	103	2
484	chr7	133080000	133120000	103	2
485	chr7	133240000	133320000	103	2
486	chr7	133440000	133480000	103	2
487	chr7	133520000	133640000	103	2
488	chr7	133800000	133960000	104	2
489	chr7	134000000	134040000	104	2
490	chr7	134080000	134160000	104	2
491	chr7	134200000	134280000	104	2
492	chr7	134560000	134960000	106	2
493	chr7	135040000	135360000	107	2
494	chr7	136360000	136400000	108	2
495	chr7	136440000	136520000	108	2
496	chr7	136560000	136680000	108	2
497	chr7	136720000	136760000	108	2
498	chr7	136840000	136920000	108	2
499	chr7	137000000	137160000	109	2
500	chr7	137200000	137240000	109	2
501	chr7	137280000	137320000	109	2
502	chr7	137440000	138120000	110	2
503	chr7	138200000	138400000	111	2
504	chr7	138480000	138640000	112	2
505	chr7	138760000	138880000	113	2
506	chr7	138920000	138960000	113	2
507	chr7	139000000	139120000	113	2
508	chr7	139160000	139240000	113	2
509	chr7	139280000	139360000	113	2
510	chr7	139400000	139440000	113	2
511	chr7	139480000	139520000	113	2
512	chr7	139560000	139600000	113	2
513	chr7	139640000	139680000	113	2
514	chr7	139760000	139920000	114	2
515	chr7	139960000	140000000	114	2
516	chr7	140080000	140240000	115	2
517	chr7	140280000	140320000	115	2
518	chr7	140360000	140400000	115	2
519	chr7	140440000	140880000	115	2
520	chr7	140920000	140960000	115	2
521	chr7	141000000	141040000	115	2
522	chr7	141640000	141680000	115	2
523	chr7	141800000	141840000	115	2
524	chr7	141880000	141920000	115	2
525	chr7	141960000	142000000	115	2
526	chr7	142040000	142280000	115	2
527	chr7	142400000	142440000	115	2
528	chr7	142480000	142520000	115	2
529	chr7	142560000	142600000	115	2
530	chr7	142680000	142800000	115	2
531	chr7	142840000	142960000	115	2
532	chr7	143200000	143360000	115	2
533	chr7	148000000	148080000	115	2
534	chr7	148120000	148160000	115	2
535	chr7	148320000	148960000	115	2
536	chr7	150360000	153280000	115	2
537	chr7	153320000	153440000	115	2
538	chr7	154320000	156200000	115	2
539	chr7	156480000	156640000	115	2
540	chr7	156680000	156880000	115	2
541	chr7	157040000	157080000	115	2
542	chr7	157120000	157160000	115	2
543	chr7	157200000	157760000	115	2
544	chr7	157800000	157840000	115	2
545	chr7	158120000	158440000	115	2
