1	chr8	120000	43240000	-1	1
2	chr8	48320000	48960000	-1	1
3	chr8	49000000	50000000	-1	1
4	chr8	53080000	53520000	-1	1
5	chr8	53560000	53760000	-1	1
6	chr8	54520000	55200000	-1	1
7	chr8	55240000	55520000	-1	1
8	chr8	56840000	57120000	-1	1
9	chr8	57160000	57240000	-1	1
10	chr8	57360000	57400000	-1	1
11	chr8	57560000	58000000	-1	1
12	chr8	58040000	58080000	-1	1
13	chr8	61440000	62200000	-1	1
14	chr8	62600000	62840000	-1	1
15	chr8	66680000	68920000	-1	1
16	chr8	69600000	70720000	-1	1
17	chr8	71000000	71040000	-1	1
18	chr8	71160000	71720000	-1	1
19	chr8	72880000	73200000	-1	1
20	chr8	74320000	75120000	-1	1
21	chr8	80760000	82680000	-1	1
22	chr8	90800000	91040000	-1	1
23	chr8	92400000	94720000	-1	1
24	chr8	94760000	95600000	-1	1
25	chr8	95640000	97280000	-1	1
26	chr8	97320000	99160000	-1	1
27	chr8	99200000	102360000	-1	1
28	chr8	102400000	103240000	-1	1
29	chr8	103280000	104560000	-1	1
30	chr8	105400000	105520000	-1	1
31	chr8	105560000	106880000	-1	1
32	chr8	106920000	107720000	-1	1
33	chr8	107760000	108840000	-1	1
34	chr8	117400000	117520000	-1	1
35	chr8	117560000	117800000	-1	1
36	chr8	118400000	120880000	-1	1
37	chr8	120920000	124280000	-1	1
38	chr8	124320000	125520000	-1	1
39	chr8	125560000	126080000	-1	1
40	chr8	126120000	144400000	-1	1
41	chr8	144440000	144680000	-1	1
42	chr8	144720000	146240000	-1	1
43	chr8	160000	560000	1	2
44	chr8	680000	720000	1	2
45	chr8	760000	800000	1	2
46	chr8	840000	1600000	1	2
47	chr8	1640000	1680000	1	2
48	chr8	1720000	1760000	1	2
49	chr8	1800000	1840000	1	2
50	chr8	1880000	1960000	1	2
51	chr8	2000000	2040000	1	2
52	chr8	2160000	2280000	1	2
53	chr8	6240000	6560000	1	2
54	chr8	6600000	6640000	1	2
55	chr8	6680000	6880000	1	2
56	chr8	8120000	8280000	1	2
57	chr8	8320000	8400000	1	2
58	chr8	8440000	8520000	1	2
59	chr8	8560000	8600000	1	2
60	chr8	8640000	8760000	1	2
61	chr8	8800000	8840000	1	2
62	chr8	8920000	9000000	1	2
63	chr8	9040000	9240000	1	2
64	chr8	9280000	9320000	1	2
65	chr8	9760000	10320000	1	2
66	chr8	10360000	10400000	1	2
67	chr8	10440000	10720000	1	2
68	chr8	10760000	10840000	1	2
69	chr8	10880000	10920000	1	2
70	chr8	10960000	11120000	1	2
71	chr8	11280000	11440000	1	2
72	chr8	11480000	11600000	1	2
73	chr8	11640000	11680000	1	2
74	chr8	11720000	11760000	1	2
75	chr8	12480000	12720000	1	2
76	chr8	12760000	12920000	1	2
77	chr8	12960000	13240000	1	2
78	chr8	13280000	13320000	1	2
79	chr8	13360000	13440000	1	2
80	chr8	13480000	13520000	1	2
81	chr8	15120000	16760000	1	2
82	chr8	16800000	16880000	1	2
83	chr8	16920000	16960000	1	2
84	chr8	17000000	17040000	1	2
85	chr8	17080000	17120000	1	2
86	chr8	17160000	17200000	1	2
87	chr8	17240000	17360000	1	2
88	chr8	17400000	17480000	1	2
89	chr8	17520000	17560000	1	2
90	chr8	17600000	17800000	1	2
91	chr8	17840000	17920000	1	2
92	chr8	17960000	18000000	1	2
93	chr8	18040000	18640000	1	2
94	chr8	18680000	18760000	1	2
95	chr8	18800000	18840000	1	2
96	chr8	18880000	18920000	1	2
97	chr8	18960000	19000000	1	2
98	chr8	19040000	19080000	1	2
99	chr8	19120000	19160000	1	2
100	chr8	19200000	19240000	1	2
101	chr8	19280000	19640000	1	2
102	chr8	19680000	19720000	1	2
103	chr8	19760000	20040000	1	2
104	chr8	20080000	20240000	1	2
105	chr8	20280000	21760000	1	2
106	chr8	21800000	21920000	1	2
107	chr8	22000000	22040000	1	2
108	chr8	22080000	22120000	1	2
109	chr8	22160000	22200000	1	2
110	chr8	22240000	22280000	1	2
111	chr8	22320000	22400000	1	2
112	chr8	22440000	22480000	1	2
113	chr8	22520000	22560000	1	2
114	chr8	22600000	22640000	1	2
115	chr8	22680000	22800000	1	2
116	chr8	22840000	22880000	1	2
117	chr8	22920000	22960000	1	2
118	chr8	23000000	23040000	1	2
119	chr8	23080000	23120000	1	2
120	chr8	23160000	23200000	1	2
121	chr8	23240000	23320000	1	2
122	chr8	23360000	23480000	1	2
123	chr8	23520000	23560000	1	2
124	chr8	23600000	23640000	1	2
125	chr8	23680000	23720000	1	2
126	chr8	23760000	23800000	1	2
127	chr8	23840000	23880000	1	2
128	chr8	25080000	25120000	1	2
129	chr8	25160000	25200000	1	2
130	chr8	25240000	25320000	1	2
131	chr8	25360000	25400000	1	2
132	chr8	25440000	26000000	1	2
133	chr8	26040000	26160000	1	2
134	chr8	26200000	26240000	1	2
135	chr8	26280000	26360000	1	2
136	chr8	26400000	26440000	1	2
137	chr8	26480000	26520000	1	2
138	chr8	26680000	26720000	1	2
139	chr8	27120000	27200000	1	2
140	chr8	27240000	27280000	1	2
141	chr8	27320000	27360000	1	2
142	chr8	27400000	27480000	1	2
143	chr8	27520000	27640000	1	2
144	chr8	27680000	27720000	1	2
145	chr8	27800000	27840000	1	2
146	chr8	27880000	27960000	1	2
147	chr8	28000000	28040000	1	2
148	chr8	28080000	28120000	1	2
149	chr8	28160000	28200000	1	2
150	chr8	28240000	28320000	1	2
151	chr8	28360000	28480000	1	2
152	chr8	28520000	28680000	1	2
153	chr8	28720000	28760000	1	2
154	chr8	28800000	28840000	1	2
155	chr8	28880000	29000000	1	2
156	chr8	29040000	29200000	1	2
157	chr8	29240000	29280000	1	2
158	chr8	29320000	29360000	1	2
159	chr8	29400000	29600000	1	2
160	chr8	29640000	30000000	1	2
161	chr8	30040000	30080000	1	2
162	chr8	30120000	30160000	1	2
163	chr8	30200000	30320000	1	2
164	chr8	30360000	30400000	1	2
165	chr8	30440000	30480000	1	2
166	chr8	30520000	30600000	1	2
167	chr8	30640000	30680000	1	2
168	chr8	30720000	30760000	1	2
169	chr8	30800000	30840000	1	2
170	chr8	30880000	31080000	1	2
171	chr8	32520000	33200000	1	2
172	chr8	33240000	33320000	1	2
173	chr8	33480000	33560000	1	2
174	chr8	36840000	37000000	1	2
175	chr8	37040000	37080000	1	2
176	chr8	37120000	37240000	1	2
177	chr8	37280000	37320000	1	2
178	chr8	37360000	37480000	1	2
179	chr8	37520000	37600000	1	2
180	chr8	37640000	37680000	1	2
181	chr8	37720000	37760000	1	2
182	chr8	37800000	37880000	1	2
183	chr8	37920000	37960000	1	2
184	chr8	38000000	38040000	1	2
185	chr8	38080000	38120000	1	2
186	chr8	38160000	38200000	1	2
187	chr8	38240000	38320000	1	2
188	chr8	38360000	38400000	1	2
189	chr8	38440000	38480000	1	2
190	chr8	38520000	38560000	1	2
191	chr8	38600000	38640000	1	2
192	chr8	38680000	38720000	1	2
193	chr8	38760000	38800000	1	2
194	chr8	38840000	38880000	1	2
195	chr8	38920000	38960000	1	2
196	chr8	39000000	39040000	1	2
197	chr8	39080000	39200000	1	2
198	chr8	40000000	40160000	1	2
199	chr8	40200000	40960000	1	2
200	chr8	41000000	41080000	1	2
201	chr8	41120000	41160000	1	2
202	chr8	41200000	41240000	1	2
203	chr8	41280000	41320000	1	2
204	chr8	41360000	41480000	1	2
205	chr8	41520000	41600000	1	2
206	chr8	41640000	41800000	1	2
207	chr8	41840000	41880000	1	2
208	chr8	41920000	42000000	1	2
209	chr8	42040000	42080000	1	2
210	chr8	42120000	42240000	1	2
211	chr8	42280000	42320000	1	2
212	chr8	42360000	42400000	1	2
213	chr8	42440000	42520000	1	2
214	chr8	42560000	42600000	1	2
215	chr8	42640000	42680000	1	2
216	chr8	42720000	42760000	1	2
217	chr8	42800000	42840000	1	2
218	chr8	42880000	43000000	1	2
219	chr8	43040000	43200000	1	2
220	chr8	48320000	48720000	2	2
221	chr8	48760000	48840000	2	2
222	chr8	48880000	48920000	2	2
223	chr8	49000000	49400000	3	2
224	chr8	49440000	49480000	3	2
225	chr8	49520000	49560000	3	2
226	chr8	49600000	49640000	3	2
227	chr8	49680000	49720000	3	2
228	chr8	49760000	49840000	3	2
229	chr8	49880000	49960000	3	2
230	chr8	53120000	53480000	4	2
231	chr8	54920000	55040000	6	2
232	chr8	55080000	55160000	6	2
233	chr8	57560000	57960000	11	2
234	chr8	61480000	61840000	13	2
235	chr8	61960000	62000000	13	2
236	chr8	62040000	62080000	13	2
237	chr8	66840000	67080000	15	2
238	chr8	67120000	67480000	15	2
239	chr8	67520000	67680000	15	2
240	chr8	67720000	68200000	15	2
241	chr8	68240000	68280000	15	2
242	chr8	68320000	68360000	15	2
243	chr8	68480000	68520000	15	2
244	chr8	68760000	68800000	15	2
245	chr8	68840000	68880000	15	2
246	chr8	69640000	70520000	16	2
247	chr8	71160000	71560000	18	2
248	chr8	71600000	71680000	18	2
249	chr8	74360000	74720000	20	2
250	chr8	74840000	74920000	20	2
251	chr8	74960000	75000000	20	2
252	chr8	80760000	81160000	21	2
253	chr8	81280000	81320000	21	2
254	chr8	81440000	81480000	21	2
255	chr8	81680000	82000000	21	2
256	chr8	82040000	82280000	21	2
257	chr8	92480000	94680000	23	2
258	chr8	94760000	95160000	24	2
259	chr8	95200000	95240000	24	2
260	chr8	95280000	95320000	24	2
261	chr8	95360000	95400000	24	2
262	chr8	95440000	95560000	24	2
263	chr8	95640000	96040000	25	2
264	chr8	96080000	96320000	25	2
265	chr8	96360000	96920000	25	2
266	chr8	96960000	97240000	25	2
267	chr8	97400000	97880000	26	2
268	chr8	97920000	97960000	26	2
269	chr8	98000000	98200000	26	2
270	chr8	98240000	98640000	26	2
271	chr8	98680000	98880000	26	2
272	chr8	98920000	99120000	26	2
273	chr8	99240000	99600000	27	2
274	chr8	99640000	99680000	27	2
275	chr8	99720000	99760000	27	2
276	chr8	99800000	100000000	27	2
277	chr8	100040000	100080000	27	2
278	chr8	100120000	100160000	27	2
279	chr8	100200000	100760000	27	2
280	chr8	100800000	100840000	27	2
281	chr8	100880000	100920000	27	2
282	chr8	100960000	101000000	27	2
283	chr8	101120000	101160000	27	2
284	chr8	101200000	101240000	27	2
285	chr8	101280000	101360000	27	2
286	chr8	101400000	101480000	27	2
287	chr8	101520000	102320000	27	2
288	chr8	102400000	102800000	28	2
289	chr8	102920000	102960000	28	2
290	chr8	103000000	103040000	28	2
291	chr8	103080000	103200000	28	2
292	chr8	103320000	103680000	29	2
293	chr8	103720000	103800000	29	2
294	chr8	103840000	103880000	29	2
295	chr8	103920000	103960000	29	2
296	chr8	104000000	104040000	29	2
297	chr8	104080000	104120000	29	2
298	chr8	104160000	104520000	29	2
299	chr8	105560000	105960000	31	2
300	chr8	106000000	106840000	31	2
301	chr8	107000000	107320000	32	2
302	chr8	107440000	107480000	32	2
303	chr8	107520000	107560000	32	2
304	chr8	107800000	108600000	33	2
305	chr8	108640000	108680000	33	2
306	chr8	118520000	118800000	36	2
307	chr8	118840000	118880000	36	2
308	chr8	118920000	118960000	36	2
309	chr8	119000000	119040000	36	2
310	chr8	119080000	119160000	36	2
311	chr8	119200000	119280000	36	2
312	chr8	119320000	119480000	36	2
313	chr8	119520000	119920000	36	2
314	chr8	119960000	120000000	36	2
315	chr8	120040000	120080000	36	2
316	chr8	120120000	120160000	36	2
317	chr8	120200000	120440000	36	2
318	chr8	120520000	120760000	36	2
319	chr8	120920000	121320000	37	2
320	chr8	121360000	121400000	37	2
321	chr8	121440000	121480000	37	2
322	chr8	121520000	122000000	37	2
323	chr8	122040000	122440000	37	2
324	chr8	122480000	122560000	37	2
325	chr8	122600000	122680000	37	2
326	chr8	122720000	122760000	37	2
327	chr8	122800000	122840000	37	2
328	chr8	122880000	123000000	37	2
329	chr8	123040000	123120000	37	2
330	chr8	123160000	123200000	37	2
331	chr8	123240000	124240000	37	2
332	chr8	124520000	124760000	38	2
333	chr8	124800000	124880000	38	2
334	chr8	124920000	124960000	38	2
335	chr8	125000000	125120000	38	2
336	chr8	125160000	125480000	38	2
337	chr8	125560000	125960000	39	2
338	chr8	126000000	126040000	39	2
339	chr8	126160000	126520000	40	2
340	chr8	126560000	126600000	40	2
341	chr8	126640000	126680000	40	2
342	chr8	126720000	126760000	40	2
343	chr8	126800000	127840000	40	2
344	chr8	127920000	128000000	40	2
345	chr8	128040000	128080000	40	2
346	chr8	128120000	128240000	40	2
347	chr8	128280000	128400000	40	2
348	chr8	128440000	130840000	40	2
349	chr8	130880000	132320000	40	2
350	chr8	132800000	132840000	40	2
351	chr8	132880000	132920000	40	2
352	chr8	133920000	134280000	40	2
353	chr8	134320000	134360000	40	2
354	chr8	134400000	134440000	40	2
355	chr8	134480000	134520000	40	2
356	chr8	134560000	134600000	40	2
357	chr8	134640000	134960000	40	2
358	chr8	135000000	135040000	40	2
359	chr8	135080000	135360000	40	2
360	chr8	135400000	135440000	40	2
361	chr8	135480000	135520000	40	2
362	chr8	135560000	135720000	40	2
363	chr8	135760000	135920000	40	2
364	chr8	136360000	136400000	40	2
365	chr8	136560000	136640000	40	2
366	chr8	136680000	136720000	40	2
367	chr8	136760000	136800000	40	2
368	chr8	139760000	141480000	40	2
369	chr8	141520000	142760000	40	2
370	chr8	142920000	143000000	40	2
371	chr8	143040000	143080000	40	2
372	chr8	143120000	143160000	40	2
373	chr8	143280000	143360000	40	2
374	chr8	143400000	143480000	40	2
375	chr8	143720000	143760000	40	2
376	chr8	143800000	143880000	40	2
377	chr8	143920000	144160000	40	2
378	chr8	144760000	145120000	42	2
379	chr8	145160000	145200000	42	2
380	chr8	145240000	145440000	42	2
381	chr8	145480000	145600000	42	2
382	chr8	145640000	146200000	42	2
