1	chr9	200000	33000000	-1	1
2	chr9	33040000	33240000	-1	1
3	chr9	33280000	34520000	-1	1
4	chr9	34640000	35720000	-1	1
5	chr9	35760000	36360000	-1	1
6	chr9	36400000	37440000	-1	1
7	chr9	37480000	38440000	-1	1
8	chr9	67880000	68000000	-1	1
9	chr9	70200000	111320000	-1	1
10	chr9	111360000	112040000	-1	1
11	chr9	112080000	113400000	-1	1
12	chr9	113440000	114960000	-1	1
13	chr9	115000000	115480000	-1	1
14	chr9	115520000	116120000	-1	1
15	chr9	116160000	117360000	-1	1
16	chr9	117400000	118480000	-1	1
17	chr9	118520000	122360000	-1	1
18	chr9	122400000	123320000	-1	1
19	chr9	123360000	123880000	-1	1
20	chr9	123920000	124640000	-1	1
21	chr9	124680000	125200000	-1	1
22	chr9	125240000	126160000	-1	1
23	chr9	126200000	126640000	-1	1
24	chr9	126680000	127200000	-1	1
25	chr9	127240000	128600000	-1	1
26	chr9	128640000	129280000	-1	1
27	chr9	129320000	129720000	-1	1
28	chr9	129760000	129960000	-1	1
29	chr9	130000000	130880000	-1	1
30	chr9	130920000	131440000	-1	1
31	chr9	131480000	132120000	-1	1
32	chr9	132240000	132960000	-1	1
33	chr9	133000000	133400000	-1	1
34	chr9	133440000	134240000	-1	1
35	chr9	134280000	134880000	-1	1
36	chr9	134920000	135600000	-1	1
37	chr9	135640000	136040000	-1	1
38	chr9	136280000	136880000	-1	1
39	chr9	136920000	137760000	-1	1
40	chr9	137880000	138320000	-1	1
41	chr9	138360000	138720000	-1	1
42	chr9	138760000	139280000	-1	1
43	chr9	139320000	139560000	-1	1
44	chr9	139600000	139840000	-1	1
45	chr9	139880000	140200000	-1	1
46	chr9	640000	760000	1	2
47	chr9	800000	840000	1	2
48	chr9	880000	1000000	1	2
49	chr9	1040000	1080000	1	2
50	chr9	2040000	2880000	1	2
51	chr9	3000000	3040000	1	2
52	chr9	3760000	3960000	1	2
53	chr9	4000000	4120000	1	2
54	chr9	4160000	4240000	1	2
55	chr9	4280000	4320000	1	2
56	chr9	4440000	4480000	1	2
57	chr9	4520000	4560000	1	2
58	chr9	4680000	4800000	1	2
59	chr9	4840000	4880000	1	2
60	chr9	4920000	4960000	1	2
61	chr9	5000000	5040000	1	2
62	chr9	5160000	5440000	1	2
63	chr9	5480000	5600000	1	2
64	chr9	5640000	5760000	1	2
65	chr9	5800000	5840000	1	2
66	chr9	5880000	6040000	1	2
67	chr9	6160000	6200000	1	2
68	chr9	6320000	6400000	1	2
69	chr9	6440000	6480000	1	2
70	chr9	6520000	6560000	1	2
71	chr9	6600000	6640000	1	2
72	chr9	6680000	6720000	1	2
73	chr9	6760000	6840000	1	2
74	chr9	6960000	7000000	1	2
75	chr9	7120000	7160000	1	2
76	chr9	7200000	7480000	1	2
77	chr9	12720000	12920000	1	2
78	chr9	12960000	14680000	1	2
79	chr9	15200000	15440000	1	2
80	chr9	15480000	15600000	1	2
81	chr9	15640000	15680000	1	2
82	chr9	15880000	16160000	1	2
83	chr9	16200000	16440000	1	2
84	chr9	16480000	16520000	1	2
85	chr9	16560000	16640000	1	2
86	chr9	16680000	16720000	1	2
87	chr9	16760000	16840000	1	2
88	chr9	16880000	16920000	1	2
89	chr9	16960000	17000000	1	2
90	chr9	17040000	17080000	1	2
91	chr9	17120000	17480000	1	2
92	chr9	17640000	17720000	1	2
93	chr9	18280000	18400000	1	2
94	chr9	18440000	19040000	1	2
95	chr9	19080000	19160000	1	2
96	chr9	19200000	19480000	1	2
97	chr9	19520000	19560000	1	2
98	chr9	19680000	19720000	1	2
99	chr9	20560000	20600000	1	2
100	chr9	20640000	21120000	1	2
101	chr9	21360000	21440000	1	2
102	chr9	21480000	21800000	1	2
103	chr9	21840000	21960000	1	2
104	chr9	22000000	22040000	1	2
105	chr9	22080000	22240000	1	2
106	chr9	26920000	27280000	1	2
107	chr9	27320000	27560000	1	2
108	chr9	32400000	32600000	1	2
109	chr9	32720000	32760000	1	2
110	chr9	32880000	32960000	1	2
111	chr9	33280000	33800000	3	2
112	chr9	33840000	33880000	3	2
113	chr9	33920000	34080000	3	2
114	chr9	34120000	34160000	3	2
115	chr9	34200000	34240000	3	2
116	chr9	34280000	34320000	3	2
117	chr9	34360000	34480000	3	2
118	chr9	34640000	35160000	4	2
119	chr9	35200000	35400000	4	2
120	chr9	35440000	35480000	4	2
121	chr9	35520000	35560000	4	2
122	chr9	35600000	35680000	4	2
123	chr9	35760000	36320000	5	2
124	chr9	36400000	36920000	6	2
125	chr9	36960000	37000000	6	2
126	chr9	37040000	37080000	6	2
127	chr9	37120000	37240000	6	2
128	chr9	37280000	37320000	6	2
129	chr9	37360000	37400000	6	2
130	chr9	37480000	38000000	7	2
131	chr9	38040000	38080000	7	2
132	chr9	38120000	38160000	7	2
133	chr9	38200000	38240000	7	2
134	chr9	38280000	38320000	7	2
135	chr9	38360000	38400000	7	2
136	chr9	70200000	70840000	9	2
137	chr9	70880000	71040000	9	2
138	chr9	71080000	71200000	9	2
139	chr9	71240000	72440000	9	2
140	chr9	72480000	73080000	9	2
141	chr9	73400000	73920000	9	2
142	chr9	73960000	74080000	9	2
143	chr9	74200000	74240000	9	2
144	chr9	74280000	74320000	9	2
145	chr9	74360000	74400000	9	2
146	chr9	74440000	74480000	9	2
147	chr9	74560000	74600000	9	2
148	chr9	74960000	75000000	9	2
149	chr9	76520000	76560000	9	2
150	chr9	76600000	76800000	9	2
151	chr9	76840000	76880000	9	2
152	chr9	76920000	77000000	9	2
153	chr9	77080000	77120000	9	2
154	chr9	77480000	80040000	9	2
155	chr9	80080000	82920000	9	2
156	chr9	82960000	84600000	9	2
157	chr9	85480000	85520000	9	2
158	chr9	85560000	85640000	9	2
159	chr9	85760000	86160000	9	2
160	chr9	86200000	87600000	9	2
161	chr9	87640000	87720000	9	2
162	chr9	87760000	88080000	9	2
163	chr9	88200000	88400000	9	2
164	chr9	88440000	88600000	9	2
165	chr9	88640000	88680000	9	2
166	chr9	88720000	88760000	9	2
167	chr9	88800000	88840000	9	2
168	chr9	88880000	89160000	9	2
169	chr9	89200000	89320000	9	2
170	chr9	89360000	89400000	9	2
171	chr9	89440000	89480000	9	2
172	chr9	89520000	89720000	9	2
173	chr9	89760000	90400000	9	2
174	chr9	90440000	90560000	9	2
175	chr9	90600000	90640000	9	2
176	chr9	90680000	90800000	9	2
177	chr9	90840000	91120000	9	2
178	chr9	91160000	91360000	9	2
179	chr9	91400000	91640000	9	2
180	chr9	91760000	91960000	9	2
181	chr9	92120000	92200000	9	2
182	chr9	92240000	92280000	9	2
183	chr9	92320000	92360000	9	2
184	chr9	92520000	94640000	9	2
185	chr9	94680000	97160000	9	2
186	chr9	97200000	97320000	9	2
187	chr9	97360000	97520000	9	2
188	chr9	97560000	97720000	9	2
189	chr9	97760000	98480000	9	2
190	chr9	99480000	102520000	9	2
191	chr9	103240000	103360000	9	2
192	chr9	103400000	106560000	9	2
193	chr9	106600000	106640000	9	2
194	chr9	106680000	106760000	9	2
195	chr9	106800000	106880000	9	2
196	chr9	106920000	106960000	9	2
197	chr9	107000000	107040000	9	2
198	chr9	107080000	107160000	9	2
199	chr9	107200000	107240000	9	2
200	chr9	107280000	107320000	9	2
201	chr9	107440000	107480000	9	2
202	chr9	107520000	107560000	9	2
203	chr9	108360000	108400000	9	2
204	chr9	108440000	108480000	9	2
205	chr9	108520000	108640000	9	2
206	chr9	108680000	108760000	9	2
207	chr9	108800000	108840000	9	2
208	chr9	108960000	111280000	9	2
209	chr9	111360000	111880000	10	2
210	chr9	111920000	112000000	10	2
211	chr9	112080000	112600000	11	2
212	chr9	112640000	112720000	11	2
213	chr9	112760000	112840000	11	2
214	chr9	112880000	112920000	11	2
215	chr9	112960000	113000000	11	2
216	chr9	113040000	113080000	11	2
217	chr9	113120000	113360000	11	2
218	chr9	113440000	113960000	12	2
219	chr9	114000000	114160000	12	2
220	chr9	114200000	114240000	12	2
221	chr9	114280000	114320000	12	2
222	chr9	114360000	114480000	12	2
223	chr9	114520000	114920000	12	2
224	chr9	115520000	116080000	14	2
225	chr9	116160000	116720000	15	2
226	chr9	116760000	116800000	15	2
227	chr9	116840000	116880000	15	2
228	chr9	116920000	116960000	15	2
229	chr9	117000000	117040000	15	2
230	chr9	117080000	117200000	15	2
231	chr9	117240000	117320000	15	2
232	chr9	117400000	118000000	16	2
233	chr9	118040000	118080000	16	2
234	chr9	118120000	118160000	16	2
235	chr9	118200000	118360000	16	2
236	chr9	118400000	118440000	16	2
237	chr9	118560000	119280000	17	2
238	chr9	119320000	122160000	17	2
239	chr9	122200000	122240000	17	2
240	chr9	122280000	122320000	17	2
241	chr9	122400000	122920000	18	2
242	chr9	122960000	123000000	18	2
243	chr9	123040000	123080000	18	2
244	chr9	123120000	123200000	18	2
245	chr9	123240000	123280000	18	2
246	chr9	123920000	124440000	20	2
247	chr9	124480000	124600000	20	2
248	chr9	125240000	125760000	22	2
249	chr9	125800000	125840000	22	2
250	chr9	125880000	125920000	22	2
251	chr9	125960000	126120000	22	2
252	chr9	127240000	127800000	25	2
253	chr9	127840000	127880000	25	2
254	chr9	127920000	128080000	25	2
255	chr9	128120000	128200000	25	2
256	chr9	128240000	128280000	25	2
257	chr9	128320000	128560000	25	2
258	chr9	128680000	129160000	26	2
259	chr9	129200000	129240000	26	2
260	chr9	130000000	130520000	29	2
261	chr9	130560000	130640000	29	2
262	chr9	130680000	130760000	29	2
263	chr9	130800000	130840000	29	2
264	chr9	131480000	132000000	31	2
265	chr9	132040000	132080000	31	2
266	chr9	132240000	132760000	32	2
267	chr9	132800000	132840000	32	2
268	chr9	132880000	132920000	32	2
269	chr9	133440000	134040000	34	2
270	chr9	134080000	134120000	34	2
271	chr9	134160000	134200000	34	2
272	chr9	134280000	134840000	35	2
273	chr9	134920000	135440000	36	2
274	chr9	135480000	135560000	36	2
275	chr9	136280000	136840000	38	2
276	chr9	136920000	137440000	39	2
277	chr9	137480000	137520000	39	2
278	chr9	137560000	137600000	39	2
279	chr9	137640000	137720000	39	2
