chr13	42604213	42617815	3
chr3	58549279	59120955	3
chr3	59141791	59321141	3
chr3	59321141	59803950	3
chr3	60138233	60310517	3
chr3	60633684	60771063	3
chr3	61288587	61689719	3
chr3	63594091	64009700	3
chr3	26287348	27638787	3
chr3	25146742	26225158	3
chr3	24876844	25103268	3
chr3	23192949	24838799	3
chr14	52323766	52598781	3
chr10	75406956	76081444	3
chr10	76193033	77885788	3
chr10	77983804	78196993	3
chr10	78196993	78508039	3
chr10	78679879	79940101	3
chr3	57444951	57618607	3
chr3	53345228	56784577	3
chr3	15310364	15364060	3
chr10	49384361	50217175	3
chr10	48513833	49351158	3
chr10	86805993	86924490	3
chr10	86766568	86805993	3
chr10	85839396	86068082	3
chr10	85326801	85633226	3
chr10	85250137	85324014	3
chr10	83036305	84654080	3
chr10	82553112	83020307	3
chr14	52740352	56435341	3
chr14	56497499	56711426	3
chr14	56767680	56969285	3
chr14	57866249	58629410	3
chr14	20909816	21361737	3
chr14	21420615	22896810	3
chr14	23068463	23380366	3
chr14	23415396	23546933	3
chr14	23797938	23850572	3
chr14	24182425	24255965	3
chr14	24526170	24751835	3
chr13	25200553	25498575	3
chr13	20207278	20682154	3
chr13	22037840	23366320	3
chr13	50489594	50715454	3
chr13	51421103	51726472	3
chr8	26778841	27253650	3
chr8	25617503	26699645	3
chr8	23103845	24624808	3
chr8	22684551	22805460	3
chr8	21384310	22638982	3
chr8	20254220	20737271	3
chr13	49668405	49799099	3
chr13	49314542	49507041	3
chr13	45491294	48205634	3
chr13	55558520	57362536	3
chr13	57424225	57609161	3
chr13	57695763	58170824	3
chr13	59126567	59382454	3
chr13	59617098	59695951	3
chr13	59830514	59861681	3
chr13	59942485	60251790	3
chr13	60707134	60872298	3
chr13	61463733	61790222	3
chr13	61893545	62875616	3
chr13	63098321	63551563	3
chr13	64404037	64549498	3
chr13	65157397	65284496	3
chr13	66166525	66229228	3
chr13	66478704	67852355	3
chr13	67999171	68286928	3
chr13	68286928	68983964	3
chr13	69136460	69545675	3
chr13	70603126	71524078	3
chr13	71747725	73435661	3
chr13	73564014	74437530	3
chr13	74932284	75052392	3
chr13	75898991	76534668	3
chr13	78061699	78309507	3
chr13	78485104	78506224	3
chr13	79531469	79730832	3
chr13	79821451	79847152	3
chr13	80013223	80077967	3
chr13	80516594	81852328	3
chr13	82056156	83049772	3
chr13	83053179	84676144	3
chr13	84760751	87862315	3
chr13	88164430	88324383	3
chr13	88364325	89924570	3
chr13	89965839	90647093	3
chr13	91125596	91215318	3
chr13	91510744	91661250	3
chr13	91702996	92068460	3
chr16	3292735	4187209	3
chr16	4371082	4524173	3
chr16	4552378	8131022	3
chr16	8131939	8244407	3
chr16	8857852	8971172	3
chr16	9240030	9317433	3
chr16	9746845	10154620	3
chr16	11302118	12140387	3
chr16	13169064	13340494	3
chr16	13554715	13897139	3
chr16	14644423	16003662	3
chr8	49176645	49839060	3
chr8	48871818	49043265	3
chr8	48540026	48719846	3
chr12	32700609	32746495	3
chr22	21257610	21295877	3
chr22	19783526	19989693	3
chr22	19691556	19735937	3
chr22	19316316	19377799	3
chr3	183039616	183070501	3
chr3	183631279	183700683	3
chr3	184200152	185336263	3
chr3	185336263	187354792	3
chr3	187600390	188018848	3
chr3	188464870	188569412	3
chr3	189051716	189249249	3
chr3	189601336	190500724	3
chr3	190829756	191827277	3
chr3	192623884	193778197	3
chr3	194255627	195162473	3
chr3	195428229	197335594	3
chr3	124978213	125096841	3
chr3	124563708	124592918	3
chr3	124081485	124228731	3
chr3	121464381	121799749	3
chr3	119770243	120847957	3
chr3	118893032	119382704	3
chr3	117496752	118014093	3
chr3	116593436	117356567	3
chr3	114578243	115767343	3
chr3	113873970	114432203	3
chr3	113440347	113537339	3
chr3	112535245	112855785	3
chr3	112279489	112486089	3
chr3	109831310	111138213	3
chr3	109206089	109600941	3
chr3	108868622	109111016	3
chr3	106148669	108024212	3
chr3	105262148	105724925	3
chr3	104510642	104535280	3
chr3	103310224	104352437	3
chr3	102779583	102894312	3
chr3	102274867	102569116	3
chr3	102077726	102183031	3
chr3	101751812	101821451	3
chr3	101072871	101544248	3
chr3	99547250	101072871	3
chr3	97542072	99191809	3
chr3	97056203	97482543	3
chr3	96028582	96919076	3
chr3	95616245	95735069	3
chr3	93969536	95032256	3
chr3	89554028	93884176	3
chr3	88462084	89505101	3
chr3	88078886	88167827	3
chr3	86761928	86793306	3
chr3	83642374	83896429	3
chr3	81481606	82678540	3
chr3	80709685	80769792	3
chr3	80124639	80220231	3
chr3	78783097	78884449	3
chr3	77290386	77536581	3
chr3	76924443	77140372	3
chr21	15928405	15962547	3
chr21	16079007	16135876	3
chr21	16460176	16997167	3
chr21	17093754	17596063	3
chr21	19045641	19306652	3
chr21	19863971	19988763	3
chr21	20287805	20311029	3
chr21	20369659	20859324	3
chr21	21027683	21085772	3
chr21	21637869	21763234	3
chr21	21835871	22168484	3
chr21	22528080	22862443	3
chr21	23329354	24302620	3
chr21	24784117	24818292	3
chr21	25066664	25247244	3
chr21	25821976	25909588	3
chr21	25909588	25948039	3
chr21	30698478	31050191	3
chr21	31298626	31822423	3
chr21	32945063	34027609	3
chr21	34697173	34949472	3
chr21	35004322	35574698	3
chr21	36156448	37066264	3
chr21	38113968	38563867	3
chr21	38836293	39209794	3
chr21	39362096	40171310	3
chr21	40245733	40331457	3
chr21	40546281	40648182	3
chr21	42804355	43068397	3
chr21	43150336	43346012	3
chr11	66065694	68197471	3
chr11	65147486	65555240	3
chr11	64346768	65034760	3
chr11	63948310	64159562	3
chr11	63505114	63620078	3
chr11	63136883	63441697	3
chr11	62104762	62343239	3
chr11	59596405	61906436	3
chr11	58290570	58956547	3
chr11	57876114	57905367	3
chr9	82092723	82760938	3
chr9	82025502	82062150	3
chr9	81406457	81918578	3
chr9	80111587	81148652	3
chr9	79413420	79765386	3
chr9	78279958	79214303	3
chr9	78089736	78149194	3
chr9	76642629	77346615	3
chr9	76222587	76443254	3
chr9	76039455	76111067	3
chr9	75260964	75822947	3
chr9	74852889	75233719	3
chr9	74442621	74643700	3
chr9	73206566	74402306	3
chr9	73133955	73206566	3
chr9	72807331	73104668	3
chr9	71312657	72622637	3
chr9	648437	865640	3
chr9	1118083	2176346	3
chr9	3857841	4338784	3
chr9	4601668	4912752	3
chr10	53638712	54097056	3
chr10	53155255	53244979	3
chr10	52503458	52580967	3
chr10	52363317	52409484	3
chr10	89921555	89990996	3
chr10	90032683	90266370	3
chr10	90408996	90925515	3
chr10	91009160	92550387	3
chr10	92606759	92685975	3
chr10	93901804	96750485	3
chr10	100710253	100769816	3
chr10	101034748	101191382	3
chr10	101229452	101618641	3
chr10	101963012	102100967	3
chr10	102386393	102514365	3
chr10	102649373	102689084	3
chr10	103862325	105415584	3
chr10	105862449	106086250	3
chr10	106299199	106344976	3
chr10	106752533	107168468	3
chr10	107340464	107942148	3
chr10	108124663	108434532	3
chr10	108474757	108913620	3
chr10	109212013	109337971	3
chr10	109823548	110014478	3
chr10	110810925	111773531	3
chr10	113288957	113524889	3
chr10	113732667	113764592	3
chr10	114294048	115076286	3
chr10	115246079	115741025	3
chr10	116232579	116714846	3
chr10	116714846	116757380	3
chr10	117548168	118045406	3
chr10	118510959	118809080	3
chr10	118826690	119065498	3
chr10	120619055	120883753	3
chr10	120931799	121025660	3
chr7	91774081	92484261	3
chr7	91201905	91497199	3
chr7	90891813	91033485	3
chr7	90415708	90753570	3
chr7	89780950	89810602	3
chr7	89353827	89537614	3
chr7	88020091	88872236	3
chr7	87786450	87862420	3
chr7	86323084	86678364	3
chr7	85536130	86116659	3
chr7	84846155	85274412	3
chr7	84523668	84797829	3
chr7	83774700	84089865	3
chr7	83469404	83731557	3
chr7	82787120	83467757	3
chr7	81885962	82334352	3
chr7	80094730	81576057	3
chr7	79649062	79715714	3
chr7	79484422	79577567	3
chr7	78315175	78918972	3
chr7	77704081	77943673	3
chr7	77055822	77090115	3
chr7	103620210	104222277	3
chr7	104363113	104479816	3
chr7	104575710	105041732	3
chr7	23143528	23179284	3
chr7	150551144	150568835	3
chr7	150658220	150785727	3
chr7	150832469	151410153	3
chr7	151614868	152178142	3
chr7	152221173	152554546	3
chr7	152851570	152945919	3
chr7	153819796	153871490	3
chr7	154450671	155161842	3
chr7	155429953	155494094	3
chr7	155537095	155631484	3
chr7	155754666	155774311	3
chr7	156069090	156228989	3
chr7	156229345	156262371	3
chr2	26394144	26817840	3
chr2	26905355	27148040	3
chr2	27196831	27414718	3
chr2	27442954	27788566	3
chr2	28113245	28348964	3
chr18	800057	878355	3
chr22	32015720	32507108	3
chr4	1983284	2149857	3
chr4	2229771	2252605	3
chr4	3030798	3273352	3
chr4	6050476	7172962	3
chr4	5500701	5998395	3
chr4	4536077	5141998	3
chr4	11693975	11732239	3
chr4	12144274	12520327	3
chr4	12801294	12958611	3
chr4	12962043	13036689	3
chr4	13080112	13207533	3
chr4	13770654	14107504	3
chr4	14443823	14588077	3
chr4	14773146	14865367	3
chr4	14982516	15023479	3
chr4	15321507	15684006	3
chr4	15801167	16070540	3
chr4	16824086	17333831	3
chr4	17334164	17406671	3
chr4	18658410	19320356	3
chr4	19371596	19657698	3
chr4	19667649	19708910	3
chr4	20046085	20554277	3
chr4	21614281	21744940	3
chr4	22445805	22690117	3
chr4	22718175	23240293	3
chr4	23987102	24555050	3
chr4	25454978	25859111	3
chr4	27171266	27253644	3
chr4	27521452	27950235	3
chr4	28678805	28882795	3
chr4	29239124	29963890	3
chr4	30171542	30690099	3
chr4	31143816	31296014	3
chr4	31874971	32979752	3
chr4	33644539	33661030	3
chr4	34108168	34272079	3
chr4	34302797	34404017	3
chr4	35063747	35811646	3
chr4	36078297	36128054	3
chr4	36345600	37099306	3
chr4	37099306	37269577	3
chr4	38548090	38952234	3
chr4	39267653	39315723	3
chr4	39362445	39670912	3
chr4	40682660	40897807	3
chr4	40899071	41270658	3
chr4	41438149	41695622	3
chr4	42025647	43032773	3
chr4	43190831	43228991	3
chr4	43784675	44382011	3
chr4	44563528	45078857	3
chr4	45140912	45374531	3
chr4	45409300	45622845	3
chr4	46927434	47135340	3
chr4	47732934	48897212	3
chr4	53111395	53292919	3
chr4	53387094	53695787	3
chr4	53737573	55363915	3
chr4	55635418	55770182	3
chr4	56601844	57518048	3
chr4	57639213	57876334	3
chr4	58024946	58419034	3
chr4	58521175	58547846	3
chr4	58650738	58669642	3
chr4	58782680	59192127	3
chr4	59316508	60515103	3
chr4	60637802	60812787	3
chr4	60827286	61150110	3
chr4	61458663	61739184	3
chr4	61794114	61844200	3
chr4	61894310	61969498	3
chr4	62218802	62438281	3
chr4	62474970	62803125	3
chr4	62853274	62909462	3
chr4	63146138	63714127	3
chr4	65767626	67286839	3
chr4	67627709	67669456	3
chr4	75251441	77140905	3
chr4	77188016	77468095	3
chr4	77644532	78125204	3
chr4	78663235	78750940	3
chr4	79350220	79390807	3
chr4	80084701	80552454	3
chr4	81071022	81342679	3
chr4	82660350	83122106	3
chr4	83367768	83450355	3
chr4	83542739	84036154	3
chr4	84227143	84390838	3
chr4	84460782	84967165	3
chr4	85665087	85861968	3
chr4	86365529	86405763	3
chr4	87855238	88057010	3
chr4	88162329	88999089	3
chr1	90109589	90275427	3
chr1	90819781	91313164	3
chr1	92257956	92911924	3
chr12	132632614	133158820	3
chr22	28534105	28810810	3
chr22	27435237	27984533	3
chr22	26520551	27019347	3
chr22	25461234	26466188	3
chr22	25315852	25379105	3
chr12	108325356	109246788	3
chr12	109431692	109866202	3
chr12	109925852	110087655	3
chr12	121316969	121477273	3
chr12	120087587	120239760	3
chr12	119465003	119953801	3
chr12	118216270	119045207	3
chr12	117657661	118069780	3
chr12	115795522	115912771	3
chr12	114848799	115620653	3
chr12	114122879	114575305	3
chr12	110987148	112857875	3
chr12	110946080	110987062	3
chr12	122146371	122599247	3
chr12	122646595	122883614	3
chr12	122969251	123378199	3
chr12	123916388	124427837	3
chr12	124971139	125327659	3
chr12	125384592	125474460	3
chr12	125901386	126532590	3
chr12	127266340	127548851	3
chr12	128318697	129048174	3
chr12	129049230	129485234	3
chr12	130089111	130188683	3
chr12	130242772	130410102	3
chr7	71727121	71941881	3
chr7	70884666	71095792	3
chr7	69379572	69908301	3
chr7	68982940	69126593	3
chr7	67552319	68914700	3
chr7	67055082	67179102	3
chr7	74119483	74239700	3
chr7	72707457	72732642	3
chr7	101420897	101965011	3
chr7	101006041	101352603	3
chr7	100382498	100435214	3
chr7	1606825	1793999	3
chr7	2052038	2740107	3
chr7	3457605	3657934	3
chr7	3658389	3962973	3
chr7	4032021	4270439	3
chr7	4810268	5349125	3
chr7	5416038	5553828	3
chr7	5601719	5732969	3
chr7	6317976	6455014	3
chr7	5941345	5974960	3
chr13	27534020	27957021	3
chr13	28743697	29121632	3
chr13	29328961	29401657	3
chr13	29410189	30127188	3
chr13	30611430	30796537	3
chr13	30799709	31031276	3
chr13	32863980	33184755	3
chr13	33246460	33787510	3
chr7	92758941	93455820	3
chr7	93521933	93557311	3
chr7	94389610	94893819	3
chr7	95353403	95442887	3
chr7	95539293	95665580	3
chr7	96207213	96281837	3
chr7	96660948	97414917	3
chr7	7132927	7489645	3
chr7	8495314	8653314	3
chr7	112340409	112624669	3
chr7	112766204	113126816	3
chr7	115170312	115215177	3
chr7	116271528	117214308	3
chr7	118332891	118372404	3
chr7	118410013	118499431	3
chr7	118633368	119556876	3
chr7	119662301	120132163	3
chr7	120268952	120818786	3
chr7	120856868	120922118	3
chr7	120970845	121045057	3
chr7	121143811	121527678	3
chr7	121662179	122378486	3
chr7	122405445	123443447	3
chr7	124835578	124888914	3
chr7	125793978	126014520	3
chr7	126435048	127019468	3
chr7	128322941	129876807	3
chr7	131662241	131882311	3
chr7	132044877	132168101	3
chr7	132168101	132207594	3
chr7	132796153	132938722	3
chr7	133084587	133220786	3
chr7	133307152	133793301	3
chr7	133993613	134114167	3
chr7	134599409	134726407	3
chr7	134927193	135338228	3
chr7	135393101	136270846	3
chr7	136326873	136534455	3
chr7	136982540	137251699	3
chr7	137254520	137359790	3
chr7	137484416	137694419	3
chr7	139927911	140425919	3
chr7	140425919	141140282	3
chr7	141263945	141972308	3
chr7	142363946	144763471	3
chr7	145294014	145433913	3
chr7	145895487	145936260	3
chr7	147172745	147198077	3
chr7	147249558	147416983	3
chr7	148235622	148720394	3
chr7	148862379	149286320	3
chr7	149408805	149423282	3
chr7	23636138	24083179	3
chr7	24191820	24518182	3
chr7	25116821	25165590	3
chr7	25534158	25597813	3
chr7	25656268	25933506	3
chr7	26344636	27377763	3
chr7	27533614	27931758	3
chr7	28954808	29198174	3
chr7	29651837	30355615	3
chr7	30735559	30982395	3
chr7	31089742	31138403	3
chr7	32259831	32402163	3
chr7	32593646	32631927	3
chr4	90150175	90333208	3
chr4	90337966	90902159	3
chr4	90902870	91452795	3
chr4	91615883	92127428	3
chr4	92418806	93007426	3
chr4	93168783	93259445	3
chr4	94936875	95081440	3
chr4	122063491	122399379	3
chr4	121580640	121750694	3
chr4	121379038	121535787	3
chr4	120978625	121276974	3
chr1	67875586	67906479	3
chr2	88582468	89165859	3
chr2	86985773	88374973	3
chr2	86665740	86939975	3
chr2	85794180	86304631	3
chr2	85318408	85649097	3
chr2	84503995	84926556	3
chr2	84377141	84503995	3
chr2	83681161	84343449	3
chr2	82456257	82559410	3
chr2	82342074	82392501	3
chr2	82116285	82185819	3
chr2	81745109	81775648	3
chr2	81388528	81451642	3
chr2	79215706	79520135	3
chr2	78853095	79062042	3
chr2	78446469	78570578	3
chr2	77930887	77946317	3
chr2	76837789	77021486	3
chr2	76718132	76739305	3
chr2	76551453	76663902	3
chr2	74399739	76118817	3
chr2	71543990	72302949	3
chr2	72720684	73500875	3
chr2	69870227	71029275	3
chr2	69606337	69828523	3
chr2	68762652	69246050	3
chr3	128194549	128533680	3
chr3	127742732	128135192	3
chr3	126325889	127688241	3
chr3	125856534	126014785	3
chr3	13432883	13544658	3
chr3	13587555	13642089	3
chr3	13649082	13798021	3
chr3	14449782	14541563	3
chr3	14883710	15163105	3
chr3	64539114	64889654	3
chr3	65186915	65253165	3
chr3	65402093	65434170	3
chr3	66135721	66494326	3
chr3	66540473	66981302	3
chr3	67186078	67485005	3
chr3	68928628	71096195	3
chr3	71211861	71472509	3
chr3	71559696	71991122	3
chr3	72577800	72695497	3
chr3	72796195	72914310	3
chr3	73293931	73450832	3
chr3	74391590	74774767	3
chr3	75137517	75259058	3
chr3	99035	191766	3
chr3	295466	370389	3
chr3	467994	560159	3
chr3	773141	1528815	3
chr3	1595603	2950400	3
chr3	2982410	3841340	3
chr3	4064910	4105517	3
chr3	4211804	4744057	3
chr3	4825681	5049855	3
chr3	5408373	5522012	3
chr3	5722967	6563444	3
chr3	6604827	7632304	3
chr3	7661268	7714979	3
chr3	8559414	10026715	3
chr3	10588926	10650389	3
chr3	10801049	11140431	3
chr3	11205120	11762199	3
chr3	12042478	12338633	3
chr3	129118614	129544370	3
chr10	45789406	46033371	3
chr10	44051198	44384354	3
chr10	43539455	43933219	3
chr12	2519999	2822666	3
chr12	2284397	2519999	3
chr12	2064590	2144192	3
chr12	1536323	1605912	3
chr12	706255	776489	3
chr12	629316	666199	3
chr12	9220074	9285973	3
chr12	8848158	9214464	3
chr12	6981388	7097969	3
chr12	6638956	6943245	3
chr12	6205347	6280597	3
chr12	5690691	6156746	3
chr12	4973685	5660340	3
chr12	2902551	3900496	3
chr12	10761650	10906151	3
chr12	14163273	14704434	3
chr12	14837328	15198193	3
chr12	15637380	15738818	3
chr12	15902730	16641401	3
chr12	17582720	17794357	3
chr12	18233676	19004573	3
chr12	19269066	19356133	3
chr12	20270249	21071236	3
chr12	21711262	22422223	3
chr12	22422223	22448374	3
chr12	22525048	22685830	3
chr12	22949902	23016495	3
chr12	23319883	23637131	3
chr12	24500425	24792343	3
chr12	24987695	25400801	3
