chr8	56320996	56344038	1
chr8	56127253	56174407	1
chr8	55631785	55735153	1
chr8	54805661	55546129	1
chr8	54628039	54684925	1
chr8	53885117	54171221	1
chr8	52685836	53851437	1
chr8	51442504	51477261	1
chr8	50949596	50981214	1
chr8	50813188	50835067	1
chr8	68942934	69059407	1
chr8	69175015	69325250	1
chr8	70353483	73359702	1
chr8	73648878	73664193	1
chr8	74036979	74060870	1
chr8	74195048	74449024	1
chr8	75367384	75680005	1
chr8	75722698	75834630	1
chr6	50787390	50828502	1
chr6	50982471	51538514	1
chr6	51702812	51929843	1
chr6	72922046	73919558	1
chr6	70023641	72761829	1
chr6	69799074	69828749	1
chr6	69229274	69581948	1
chr6	68956568	68989076	1
chr6	68604761	68642409	1
chr6	68059014	68183671	1
chr6	67941540	68002154	1
chr6	66479508	67811837	1
chr6	66000544	66280720	1
chr6	64290124	65827861	1
chr6	56223874	64193701	1
chr2	131512794	131907459	1
chr2	98615709	99300774	1
chr2	99482749	100535857	1
chr2	100836487	100874814	1
chr2	101290039	102371201	1
chr2	102718589	102915892	1
chr2	103538769	103681066	1
chr2	103860310	103970691	1
chr2	104206382	105092954	1
chr2	105187960	105438553	1
chr2	105792035	105851784	1
chr2	189305262	189347275	1
chr2	189601517	189795798	1
chr2	189833255	190539976	1
chr2	196426405	196637499	1
chr2	195162338	195598840	1
chr2	194718430	194773494	1
chr2	193569138	193986138	1
chr2	193078111	193445807	1
chr2	192779821	192854235	1
chr2	192369857	192667368	1
chr2	191353715	192335967	1
chr2	190925904	190955575	1
chr2	196590841	197156301	1
chr2	197292867	197833269	1
chr2	197964384	198002100	1
chr2	198326319	198452947	1
chr2	198640127	198750115	1
chr2	199143730	201179589	1
chr2	201860571	202635057	1
chr2	202755288	202795155	1
chr2	203490187	203544652	1
chr2	203838054	206424628	1
chr2	206638987	206676420	1
chr2	206712398	206822258	1
chr2	206858095	207846055	1
chr2	208355555	208461082	1
chr2	208606206	208744292	1
chr2	208781048	208994429	1
chr2	209219600	209274026	1
chr2	209484731	209509263	1
chr2	209755563	211411276	1
chr2	211574900	211684901	1
chr2	212041355	212069505	1
chr2	212241677	213367423	1
chr2	213547481	217068425	1
chr2	217129146	217348120	1
chr2	217421519	220824126	1
chr2	221454967	221613593	1
chr2	222490791	222559372	1
chr2	222737239	222782991	1
chr2	222818478	222870582	1
chr2	223040888	223170394	1
chr2	223514613	224268340	1
chr2	224812095	224850024	1
chr2	224996751	225604783	1
chr2	225913586	225955806	1
chr2	226449189	227244425	1
chr2	227301680	227523786	1
chr2	228188393	228293297	1
chr2	228645111	228998380	1
chr2	229997597	230399963	1
chr2	230989111	232783665	1
chr2	232955140	233007128	1
chr2	233340048	233629680	1
chr2	233785151	233885673	1
chr2	233928429	233984796	1
chr2	234329901	234494023	1
chr2	234526014	234583834	1
chr2	234685307	238694248	1
chr2	239341795	239605692	1
chr2	239784076	239863781	1
chr2	240168136	242744433	1
chr5	98669948	98786928	1
chr5	99327191	99377283	1
chr5	98872775	101519513	1
chr5	101790574	101871517	1
chr5	102161129	102238340	1
chr2	123085948	125598476	1
chr18	59733525	60274151	1
chr18	60512638	60570243	1
chr18	60637059	60975380	1
chr18	61186985	61329663	1
chr18	61348634	62672255	1
chr18	62978239	63587780	1
chr18	64196827	64272043	1
chr18	64350923	64823638	1
chr2	122585947	123274988	1
chr2	123249432	123285989	1
chr2	123409100	123656524	1
chr2	123892694	123911814	1
chr2	124027486	124979464	1
chr2	125023645	125139637	1
chr2	121264847	121293806	1
chr2	120197536	120866760	1
chr2	119405999	119444370	1
chr2	119324919	119363062	1
chr2	116593250	118837220	1
chr2	115289817	116535460	1
chr2	134038580	134586424	1
chr2	135809315	136003011	1
chr2	136467584	137401071	1
chr2	137663007	137716070	1
chr2	138369282	138607743	1
chr1	207124258	207276157	1
chr1	204843940	205922697	1
chr1	204006421	204486987	1
chr1	201069149	203421642	1
chr1	200711862	200777611	1
chr1	200210898	200489980	1
chr1	199963494	200170849	1
chr1	198363534	199787235	1
chr1	197293230	197337714	1
chr1	194402457	194449027	1
chr1	194086793	194364852	1
chr1	194025888	194051667	1
chr1	193805394	193828333	1
chr1	193552970	193754858	1
chr1	193270997	193522263	1
chr1	191116490	193115142	1
chr1	190684779	190732926	1
chr1	190307642	190490040	1
chr1	190084926	190256440	1
chr1	189715817	190006008	1
chr1	188334949	188876864	1
chr1	188274632	188297983	1
chr1	186955401	187133954	1
chr1	185995333	186686759	1
chr1	183903536	185435450	1
chr1	183390134	183434171	1
chr1	181990950	183148502	1
chr1	181735229	181920294	1
chr1	181232403	181701361	1
chr1	181128457	181181543	1
chr1	179323790	181084786	1
chr1	177997206	179266474	1
chr1	177592604	177787255	1
chr1	173066541	177476928	1
chr1	172147785	172247355	1
chr1	171444442	171625971	1
chr1	171090066	171142766	1
chr1	170681050	170878082	1
chr1	170564858	170636574	1
chr1	169335806	169940468	1
chr1	167391604	168473960	1
chr1	167164982	167208103	1
chr1	166857247	166889462	1
chr1	165981574	166670450	1
chr1	162345821	165549113	1
chr1	162009947	162088652	1
chr1	160071416	161967225	1
chr1	159992616	160032327	1
chr1	159706891	159753998	1
chr1	158978734	159613415	1
chr1	158711829	158914712	1
chr1	240253164	240755829	1
chr1	240791351	240832543	1
chr1	240872097	240949188	1
chr1	241436830	243492296	1
chr1	243622526	246829302	1
chr1	226175068	227447130	1
chr1	224369457	224455931	1
chr1	224536464	225447538	1
chr1	225684871	225791597	1
chr1	223254506	224423830	1
chr1	222079090	222325948	1
chr1	221630076	221933426	1
chr1	221374480	221414029	1
chr1	221183843	221234992	1
chr1	219008551	221000824	1
chr1	218197997	218835951	1
chr1	217988218	218031467	1
chr1	216967311	217636031	1
chr1	216800187	216840178	1
chr1	215268483	215460647	1
chr1	214874598	215010363	1
chr1	214775872	214821824	1
chr1	213133421	214596274	1
chr1	212828879	212895392	1
chr1	212504826	212694120	1
chr1	211716564	212439330	1
chr1	211168948	211225775	1
chr1	209242021	210876089	1
chr1	208980918	209198478	1
chr1	208755599	208938186	1
chr1	207637191	208005905	1
chr1	207575091	207586482	1
chr6	154287834	154998070	1
chr6	152868176	154234293	1
chr6	105161068	152537803	1
chr6	104023279	104954201	1
chr6	103625664	103880090	1
chr6	103221048	103342703	1
chr6	102415024	102528429	1
chr6	102298731	102325108	1
chr6	102087719	102171433	1
chr6	101727899	101749595	1
chr6	101562584	101594336	1
chr6	100727965	101402289	1
chr6	100559901	100575298	1
chr6	117047676	120017942	1
chr6	120164564	120699434	1
chr6	120954826	121825004	1
chr6	122071232	122097417	1
chr6	122294949	122353883	1
chr6	122636555	122878545	1
chr2	109065536	109630578	1
chr10	74699789	74746527	1
chr10	74314069	74628368	1
chr10	73501195	74139951	1
chr10	70576682	73144052	1
chr10	69734375	69860662	1
chr10	68935931	69646967	1
chr10	68568654	68599162	1
chr10	67788702	68055798	1
chr10	67369994	67484493	1
chr10	67172373	67200168	1
chr10	63353241	63461736	1
chr10	62560235	62622590	1
chr10	61933584	62289111	1
chr10	61299073	61385679	1
chr10	60982411	61065857	1
chr10	60707484	60838685	1
chr10	58806238	60521409	1
chr10	58467620	58521422	1
chr10	55366622	58189534	1
chr22	24176146	24463234	1
chr21	46823472	47850576	1
chr21	46350861	46533058	1
chr19	15196399	15296036	1
chr19	281180	1395494	1
chr19	2199792	2256559	1
chr19	2982948	4172050	1
chr12	104450290	106507849	1
chr12	106853278	106915305	1
chr12	106999760	107953739	1
chr12	107996254	108074346	1
chr12	101264470	101970791	1
chr12	100496223	100754509	1
chr12	98184395	100311993	1
chr12	95369325	97971622	1
chr12	94628069	94718338	1
chr12	94056737	94184782	1
chr12	93481253	93810228	1
chr12	92906232	92960305	1
chr12	90682754	92539269	1
chr12	90495323	90569150	1
chr12	89558753	89670121	1
chr12	89445126	89519706	1
chr12	89298513	89329104	1
chr12	86206737	89027672	1
chr12	85422243	85998901	1
chr12	85205337	85260066	1
chr12	83556329	84991401	1
chr12	83098300	83422587	1
chr12	82555813	83068923	1
chr12	81288506	82389004	1
chr12	81120082	81164550	1
chr12	79392278	81073979	1
chr12	77804286	79058961	1
chr12	77495470	77563188	1
chr12	76957071	77317854	1
chr12	76570742	76619592	1
chr12	76475126	76524432	1
chr12	75928157	76105935	1
chr12	73485209	75419798	1
chr12	72086371	73298366	1
chr12	71635912	71864294	1
chr12	69818091	71210366	1
chr12	68151050	69745677	1
chr12	67795654	67870669	1
chr12	67216939	67479155	1
chr12	67014032	67096147	1
chr12	65990487	66513048	1
chr12	65551096	65655564	1
chr12	65470562	65513120	1
chr12	64789559	65057190	1
chr12	64517649	64581677	1
chr12	63769167	64150805	1
chr12	63449961	63552387	1
chr12	63148620	63295106	1
chr12	62344726	62986110	1
chr12	61898411	61989957	1
chr12	61268776	61731728	1
chr12	59818238	61005450	1
chr12	59473259	59544241	1
chr12	58882133	58915139	1
chr12	57430253	58567128	1
chr12	57374955	57382352	1
chr12	56880678	57314248	1
chr12	55653459	56441221	1
chr12	55382047	55615664	1
chr22	31730723	31799599	1
chr22	30401963	31476516	1
chr7	43906143	44748706	1
chr7	44863984	45079190	1
chr7	45483338	45501067	1
chr7	45986006	47241776	1
chr7	47278953	49833701	1
chr7	49950185	49979342	1
chr7	50263752	50479858	1
chr7	50535643	50925436	1
chr7	50962442	51198881	1
chr7	51378704	51410101	1
chr7	51547464	52178005	1
chr7	52228379	54128062	1
chr7	54244408	54551067	1
chr2	68206101	68572785	1
chr2	67868768	67895344	1
chr2	67334309	67691820	1
chr2	66304857	67177623	1
chr2	65373567	66260862	1
chr2	64887585	64977336	1
chr2	63585889	64844827	1
chr2	62703642	63295719	1
chr2	62489347	62535786	1
chr2	61897044	61993856	1
chr2	61194343	61701502	1
chr2	60435251	60958435	1
chr2	57806318	60356707	1
chr2	57682302	57776977	1
chr2	57026269	57585237	1
chr2	56255154	56350750	1
chr2	56040379	56115991	1
chr2	55770143	56005137	1
chr2	55198163	55628099	1
chr2	54687319	54743275	1
chr2	53887804	54532831	1
chr5	172989334	173538235	1
chr5	171765037	171931179	1
chr5	170902694	171346565	1
chr5	170714871	170850710	1
chr5	165183669	170670733	1
chr5	164371345	165148580	1
chr5	164189236	164244967	1
chr5	162660722	163728121	1
chr5	161695292	162543289	1
chr5	161092084	161235220	1
chr5	159804742	159890206	1
chr5	159290605	159387509	1
chr5	159175450	159252670	1
chr5	158311048	158645183	1
chr5	157993102	158179736	1
chr5	156739023	157840045	1
chr5	156501118	156607185	1
chr5	156100510	156501118	1
chr5	155779410	155816159	1
chr5	154792994	155668691	1
chr5	177740978	177943245	1
chr5	131298591	133594826	1
chr5	150381643	152468541	1
chr5	152776765	152847707	1
chr5	152958718	153174785	1
chr5	153494898	153654617	1
chr5	153741227	153960145	1
chr5	154210366	154347235	1
chr17	17592211	17701559	1
chr17	17751195	18121810	1
chr17	18127486	18141837	1
chr17	21153115	21289042	1
chr17	18756800	19658692	1
chr17	15234554	15417292	1
chr17	14024002	14480174	1
chr17	13791003	13854131	1
chr17	13330492	13553631	1
chr17	13059506	13226004	1
chr17	11518922	12906321	1
chr17	10668355	11226112	1
chr17	10572182	10628482	1
chr17	9023956	10521696	1
chr17	8559301	8871619	1
chr17	8317533	8363014	1
chr17	8043458	8135889	1
chr17	6925759	7996787	1
chr17	4685937	4717177	1
chr17	4778222	4965394	1
chr17	5206382	5258117	1
chr17	5417735	5463868	1
chr17	5490457	5790663	1
chr17	5840199	5972988	1
chr17	6135287	6330082	1
chr17	4476955	4532197	1
chr17	4009623	4270394	1
chr17	3506480	3667393	1
chr17	2726549	2770526	1
chr17	2376782	2679819	1
chr17	2224568	2305020	1
chr17	2025425	2179390	1
chr17	1463581	1976723	1
chr17	1247102	1420397	1
chr17	397655	985203	1
chr17	28651803	28853901	1
chr17	28243752	28410804	1
chr17	27480056	28189956	1
chr17	27004645	27436403	1
chr17	26354933	26396195	1
chr17	25955760	26214991	1
chr17	25884915	25929234	1
chr17	25780714	25824929	1
chr17	29378552	29884822	1
chr17	29930360	30209786	1
chr17	31129282	31214156	1
chr17	31863310	31909573	1
chr17	31943565	32422000	1
chr17	32743437	32788983	1
chr17	32909429	33691402	1
chr17	33874676	33980472	1
chr17	34397391	34436067	1
chr17	35458357	36084909	1
chr17	35223377	35310248	1
chr17	34990833	35075024	1
chr17	58204721	58676683	1
chr17	58754621	58908114	1
chr17	59225434	59821804	1
chr17	59967108	60074321	1
chr17	57908973	58046693	1
chr17	57507127	57600727	1
chr17	57359922	57459292	1
chr17	56597807	56839573	1
chr17	56200669	56233537	1
chr17	56063423	56158168	1
chr17	55475274	56022057	1
chr17	55210462	55442595	1
chr17	54752036	54855815	1
chr17	54060001	54633692	1
chr17	53062833	53645465	1
chr17	52054989	52926110	1
chr17	51811765	51856284	1
chr17	51073584	51637964	1
chr17	50856007	51023808	1
chr17	50751658	50768716	1
chr17	49924525	50695782	1
chr17	49565592	49673504	1
chr17	48977439	49107694	1
chr17	47624760	48769886	1
chr17	47267844	47345427	1
chr17	46184497	47133555	1
chr17	45672731	46066075	1
chr17	36433000	37778141	1
chr17	38479528	38572832	1
chr17	39405290	39422910	1
chr17	39461715	39782198	1
chr17	40009651	43180836	1
chr17	43311341	43434897	1
chr17	43920761	44247263	1
chr17	44292560	60421592	1
chr17	62145135	62262923	1
chr17	64973540	65245309	1
chr17	64300356	64846604	1
chr17	69112613	69401039	1
chr17	69674209	69723515	1
chr17	69918610	70117490	1
chr17	70287157	71204842	1
chr17	71248898	71296399	1
chr17	71423542	72984369	1
chr17	73045926	73279695	1
chr17	73475114	75463118	1
chr17	75536505	76127091	1
chr17	76274561	76326593	1
chr17	77066644	77694622	1
chr17	77908836	77957211	1
chr17	78125717	78287300	1
chr17	79526358	79779812	1
chr17	79836664	80053918	1
chr17	80306915	80545345	1
chr17	81005658	81037596	1
chr17	81076094	81124251	1
chr2	25204554	26360710	1
chr2	24948050	25002937	1
chr2	22357337	24091611	1
chr2	21956518	22137676	1
chr2	21646757	21860922	1
chr2	21533665	21617505	1
chr2	16953794	21291604	1
chr2	14661896	16709238	1
chr2	14261226	14496370	1
chr2	13835319	14202026	1
chr2	12812860	13637928	1
chr2	12157611	12758494	1
chr2	11513021	11779879	1
chr2	11361553	11439984	1
chr2	27745614	27807450	1
chr2	9727134	9912856	1
chr2	10547667	10567747	1
chr2	5140592	8011784	1
chr2	4869367	4964468	1
chr2	2443067	4509068	1
chr2	606656	2303895	1
chr7	107611516	107734490	1
chr7	106605299	107469396	1
chr7	106500361	106549882	1
chr7	106027051	106424385	1
chr7	105399521	105433639	1
chr7	18997932	19748810	1
chr7	18660761	18826103	1
chr7	18099578	18479085	1
chr7	17842334	18079782	1
chr7	17340749	17756126	1
chr7	17038175	17289555	1
chr7	14730886	16666489	1
chr7	14629850	14665815	1
chr7	13175215	14329968	1
chr7	110432043	110867805	1
chr7	109847365	110063094	1
chr7	109605165	109711313	1
chr7	108750979	109464049	1
chr7	108293055	108700719	1
chr14	25299279	25858320	1
chr14	25985996	27106843	1
chr14	27155907	27203089	1
chr14	27239635	27260370	1
chr14	27283886	28407510	1
chr14	28515877	28691491	1
chr14	28747675	28874465	1
chr14	29025248	29145772	1
chr14	29413083	30857213	1
chr14	30942236	30991467	1
chr14	31348116	32560171	1
chr14	32615141	33268242	1
chr14	33527419	34236488	1
chr14	34278175	34781415	1
chr14	35050725	35099984	1
chr14	35150230	36205239	1
chr14	36245210	36347390	1
chr14	36603062	37002534	1
chr14	37029712	37110261	1
chr14	37152337	38981900	1
chr14	39190139	39614701	1
chr14	39865977	41472251	1
chr14	41788188	41922817	1
chr14	42186970	42245551	1
chr14	42281893	42830196	1
chr14	43154296	45247691	1
chr14	45653213	45839642	1
chr14	45905942	46070186	1
chr14	46116417	48162054	1
chr14	49133017	50469752	1
chr14	60899671	62757554	1
chr14	62951993	65231652	1
chr14	65410773	66550525	1
chr14	66721462	67745400	1
chr14	67929669	69676898	1
chr14	69723471	69773231	1
chr14	71150581	71352413	1
chr14	71396015	71823742	1
chr14	71881684	73144956	1
chr14	73181876	73223540	1
chr14	73235183	74010474	1
chr14	74353063	74454107	1
chr14	74695729	75079034	1
chr14	75123331	75271507	1
chr14	75394348	75484951	1
chr14	76022335	76229639	1
chr14	77076926	78689740	1
chr14	78936673	82452117	1
chr14	82561861	84100246	1
chr14	84144130	84210544	1
chr14	84225209	84265455	1
chr14	84426839	84752919	1
chr14	85194426	85243474	1
chr14	85360247	85460089	1
chr14	85595030	87841077	1
chr14	87929253	90276607	1
chr14	90319656	91948886	1
chr14	92243992	92488259	1
chr14	92553024	93309083	1
chr14	93418525	94004336	1
chr14	94797361	94833241	1
chr14	94847194	94857175	1
chr14	94842852	94946027	1
chr14	95078377	95444818	1
chr14	95608712	96446717	1
chr14	96569885	99666325	1
chr14	100052503	100407615	1
chr14	104685082	106332175	1
chr7	158661546	158718698	1
chr7	21070672	21152013	1
chr7	20973438	21024384	1
chr7	20085923	20223294	1
chr7	19997866	20052703	1
chr10	4281211	4934176	1
chr10	4080139	4192372	1
chr10	2010925	4030018	1
chr10	819863	1965912	1
chr10	648381	685028	1
chr1	238935301	239131155	1
chr1	237204783	238748406	1
chr1	236368354	237132708	1
chr1	235865034	236347818	1
chr7	42272482	43605930	1
chr7	41828524	41900980	1
chr7	41541179	41769348	1
chr7	41141095	41374779	1
chr7	41009470	41093414	1
chr7	40379893	40865065	1
chr7	39011089	40316368	1
chr7	37785170	37917763	1
chr7	37721087	37756741	1
chr7	36775708	37620790	1
chr7	36523860	36669321	1
chr6	24486313	27052213	1
chr6	24383098	24432152	1
chr6	24108963	24128320	1
chr6	23599291	23719262	1
chr6	23344930	23556656	1
chr6	22857582	23186411	1
chr6	21245415	22810767	1
chr6	21079223	21121735	1
chr6	20962916	21018928	1
chr6	20631226	20759028	1
chr6	657347	806693	1
chr6	835657	2860133	1
chr6	2948245	4263353	1
chr6	4370302	4483054	1
chr6	4516613	5016158	1
chr6	5190045	6407382	1
chr6	6511159	7493075	1
chr6	7537483	7610474	1
chr6	7639031	7688769	1
chr6	8190774	8545442	1
chr6	8573539	8637154	1
chr6	8669028	9403606	1
chr6	9450693	9776232	1
chr6	9998778	13194700	1
chr6	13247077	13606864	1
chr6	14353467	16356168	1
chr6	16581423	17798459	1
chr6	17854292	18751112	1
chr6	19101021	19264534	1
chr6	19325013	19381306	1
chr6	19926788	19981796	1
chr9	96564034	96922231	1
chr9	96208132	96233817	1
chr9	94972375	95895012	1
chr9	91089974	91420704	1
chr9	91494621	92513605	1
chr9	93633691	93686952	1
chr9	93795337	93835930	1
chr5	176069215	176501749	1
chr5	176755031	176914723	1
chr5	134130435	134302315	1
chr5	134361275	135744466	1
chr5	135790593	136699127	1
chr5	136897583	136982974	1
chr9	86274754	87783869	1
chr9	87831327	87880801	1
chr9	88327390	90327666	1
chr9	97320114	97362937	1
chr9	97424178	97498428	1
chr9	97528072	98890816	1
chr9	99094337	99247851	1
chr5	7961990	7978769	1
chr5	7250536	7507603	1
chr5	6701497	7090618	1
chr5	6244207	6490021	1
chr5	1243864	6047364	1
chr5	191424	1164124	1
chr5	95750901	95822646	1
chr5	95462538	95722269	1
chr5	95096031	95135397	1
chr5	94320782	94974182	1
chr5	94206832	94237365	1
chr5	92900334	93925655	1
chr5	92770952	92802554	1
chr5	92680578	92760164	1
chr5	92305235	92459071	1
chr5	90797581	92277029	1
chr5	89766991	90645107	1
chr5	88427657	89607981	1
chr5	88266606	88385585	1
chr5	86717170	86838864	1
chr5	85777505	85977210	1
chr5	85162637	85543618	1
chr5	81816986	81845186	1
chr5	81001249	81136138	1
chr5	80395356	80922681	1
chr5	78478872	80384113	1
chr5	77960064	78452405	1
chr5	75817526	77094556	1
chr5	74495087	75001626	1
chr5	73860256	74306602	1
chr5	72712627	73730971	1
chr5	71964698	72592218	1
chr5	71450228	71922394	1
chr5	71331214	71405434	1
chr5	68622096	69778063	1
chr5	68061899	68387684	1
chr5	66809412	67833666	1
chr5	66746646	66772847	1
chr5	66585340	66625010	1
chr5	63995923	66052959	1
chr5	62718687	62919706	1
chr5	62016543	62684376	1
chr5	61611193	61710375	1
chr5	61532215	61570202	1
chr5	61278334	61481516	1
chr5	60997681	61037467	1
chr5	58781956	60957432	1
chr5	57414115	58385548	1
chr5	56154506	57196755	1
chr5	55573813	55967107	1
chr5	53109110	54861747	1
chr5	52573963	52711357	1
chr5	52179389	52509432	1
chr5	50622178	52137231	1
chr5	50164816	50485943	1
chr5	49598611	49806948	1
chr5	45734465	45778240	1
chr5	44163449	44639469	1
chr3	58087879	58178007	1
chr3	58226767	58302264	1
chr3	58471641	59877743	1
chr3	60045727	60310517	1
chr3	60430624	60837320	1
chr3	61242908	61741696	1
chr3	62248684	62285263	1
chr3	62542223	62602479	1
chr3	63419343	63456716	1
chr10	80461950	80508049	1
chr10	81069738	81255443	1
chr3	53153901	57677582	1
chr3	52930446	52963635	1
chr3	52471221	52512537	1
chr3	15261105	15421209	1
chr3	15624537	15685896	1
chr3	15897308	15937021	1
chr3	16215226	16280544	1
chr10	50944107	51116524	1
chr10	50853901	50888279	1
chr10	50576650	50708672	1
chr10	87416145	87456254	1
chr10	87323225	87391574	1
chr10	86556505	87025057	1
chr10	82445661	86363758	1
chr10	81387733	81709576	1
chr14	52740352	57011161	1
chr14	57726889	58629410	1
chr14	20868925	22930942	1
chr14	22970965	23575890	1
chr14	23714415	23890570	1
chr14	24171053	24373530	1
chr14	24397714	24870668	1
chr13	20207278	20890872	1
chr13	22037840	23366320	1
chr13	26198744	26261905	1
chr13	26035264	26148854	1
chr13	50234653	50804099	1
chr13	51421103	51810617	1
chr8	21184466	24624808	1
chr8	21056445	21106399	1
chr13	49214445	49262055	1
chr13	48999362	49060913	1
chr13	45491294	48370972	1
chr13	45343137	45453480	1
chr13	44750160	44792919	1
chr13	44319453	44363244	1
chr13	44144057	44186968	1
chr13	43916434	43953567	1
chr13	43712858	43795052	1
chr13	54733586	54774557	1
chr13	55112308	55185477	1
chr13	55519505	58237850	1
chr13	58403063	58487331	1
chr13	58800238	58870755	1
chr13	59050766	59382454	1
chr13	59483679	60535286	1
chr13	60670399	60909772	1
chr13	61112591	61154300	1
chr13	61446034	63625333	1
chr13	64404037	64723822	1
chr13	65107458	65342595	1
chr13	65576752	65667954	1
chr13	66166525	66318070	1
chr13	66402544	67852355	1
chr13	67895752	67929770	1
chr13	67950992	69638585	1
chr13	69782081	69854309	1
chr13	69974516	70081434	1
chr13	70582633	74437530	1
chr13	74659529	74700178	1
chr13	74873439	75089626	1
chr13	75249893	75337117	1
chr13	75393270	75436174	1
chr13	75822980	76534668	1
chr13	77970304	78759340	1
chr13	79465297	79948252	1
chr13	80013223	80204023	1
chr13	80474142	81908791	1
chr13	81948495	90778460	1
chr13	91067330	91215318	1
chr13	91452552	92136751	1
chr13	92213927	92260337	1
chr13	102289990	102345687	1
chr5	42796378	42852567	1
chr5	42084761	42284982	1
chr5	41896962	41935571	1
chr5	41470307	41761426	1
chr5	41175377	41314867	1
chr5	40486466	40990837	1
chr5	39263681	40037195	1
chr5	39029298	39081542	1
chr5	38937637	38967256	1
chr5	38460528	38696541	1
chr5	38106367	38325528	1
chr5	36394924	37977100	1
chr5	35519270	36243600	1
chr5	35023620	35471157	1
chr5	30891458	34887747	1
chr5	29226118	30712516	1
chr5	27243756	27500406	1
chr5	27131947	27182168	1
chr5	26785715	27019244	1
chr5	26445289	26606813	1
chr5	25593687	25819748	1
chr5	25479986	25542012	1
chr5	25248053	25328204	1
chr5	24954341	25107460	1
chr5	24239625	24794144	1
chr5	23473677	23885512	1
chr5	22577047	22864389	1
chr5	22520595	22542905	1
chr5	22009271	22130980	1
chr5	21277525	21788610	1
chr5	20810785	20849535	1
chr5	20374728	20488574	1
chr5	20067575	20118697	1
chr5	18725724	19874972	1
chr5	17468128	17799740	1
chr5	17400693	17433907	1
chr5	16459547	17341664	1
chr5	15615401	16412907	1
chr5	14866591	14899015	1
chr5	14484872	14821716	1
chr5	14283952	14337672	1
chr8	100415332	100508341	1
chr8	100584417	100655420	1
chr8	100773284	101481625	1
chr8	101651863	102612026	1
chr8	102769952	105634053	1
chr8	105732771	106045264	1
chr8	106616265	106922310	1
chr8	107188863	107701934	1
chr8	107972252	108005352	1
chr8	108059216	109397892	1
chr8	109455483	109977406	1
chr8	110016867	110147657	1
chr8	110173447	110581186	1
chr8	110731963	111358861	1
chr8	111424483	111605184	1
chr8	112562898	113053996	1
chr8	113155733	113187025	1
chr8	114325778	115917245	1
chr8	115953135	117267039	1
chr8	117308541	117397553	1
chr8	118078167	118134192	1
chr8	118462435	118844113	1
chr8	119248791	119287311	1
chr8	119397067	119513965	1
chr8	119751744	119897092	1
chr8	120056311	120365012	1
chr8	120494756	120554293	1
chr8	120710897	120755038	1
chr8	120816499	120876872	1
chr8	121072749	122892817	1
chr8	123151948	123268884	1
chr8	123331801	123855918	1
chr8	124066467	126058369	1
chr8	126408740	126456155	1
chr8	126706248	127535916	1
chr8	127803821	128062104	1
chr8	128111694	128376222	1
chr8	128618563	128797752	1
chr8	128953650	129014858	1
chr8	129061399	129112788	1
chr8	129286720	130304118	1
chr8	130451297	130483028	1
chr8	130626610	130677246	1
chr8	130710002	130983358	1
chr8	131658707	131686689	1
chr8	131744744	133274706	1
chr8	133411166	134660854	1
chr8	134867576	136235621	1
chr8	136525842	136901156	1
chr8	137288280	137769860	1
chr8	137823039	137865833	1
chr8	137913360	138534363	1
chr8	138762375	138922476	1
chr8	141539702	142507062	1
chr8	142979938	144036068	1
chr8	144451301	144509104	1
chr8	144892717	145781934	1
chr22	35961349	36014969	1
chr22	36221644	37394605	1
chr22	37440927	38486993	1
chr22	39065619	39282696	1
chr22	39565043	39649679	1
chr22	39690336	39891268	1
chr22	40113644	40985083	1
chr22	41237905	41543860	1
chr22	41603135	41746115	1
chr22	42033582	42224983	1
chr22	42716742	42762312	1
chr22	43005783	43117908	1
chr22	43342727	43525654	1
chr22	43996383	44247613	1
chr22	44607541	45972143	1
chr22	46117305	46375117	1
chr22	47362255	48090658	1
chr22	48233743	48464289	1
chr22	48613290	48758053	1
chr22	48808462	48846942	1
chr22	48885457	49422285	1
chr22	49533522	49581012	1
chr22	49748304	49777762	1
chr22	49967044	50902569	1
chr22	51121995	51222180	1
chr12	33498181	33595455	1
chr12	38607140	40972985	1
chr12	41154885	41194737	1
chr12	41409943	43459490	1
chr12	43643465	43686580	1
chr12	43742383	43843775	1
chr12	43905302	47236981	1
chr12	47409651	47522279	1
chr12	47800630	50481344	1
chr12	51056358	51219358	1
chr12	51531608	52441369	1
chr12	52836458	52948290	1
chr12	53273920	53669739	1
chr12	53708379	54659543	1
chr12	54718357	54751446	1
chr16	3292735	9069404	1
chr16	9240030	9487834	1
chr16	9721587	10193523	1
chr16	10574170	10678189	1
chr16	11101696	11149975	1
chr16	11202200	12262712	1
chr16	13169064	13385779	1
chr16	13554715	13943947	1
chr16	14019813	14051533	1
chr16	14575797	16110999	1
chr8	48839619	49839060	1
chr12	32700609	32800691	1
chr22	21846050	21923898	1
chr22	21115282	21209026	1
chr22	21257610	21356551	1
chr22	19483845	20849806	1
chr22	19316316	19431179	1
chr3	182899362	183202816	1
chr3	183541982	183773672	1
chr3	184125160	187373584	1
chr3	187556733	188059798	1
chr3	188418324	188689595	1
chr3	188882283	188927385	1
chr3	188962647	189249249	1
chr3	189547719	190530266	1
chr3	190790642	191926982	1
chr3	192190225	192228700	1
chr3	192293853	193778197	1
chr3	124563708	124698474	1
chr3	124369749	124407481	1
chr3	124040474	124321020	1
chr3	123894871	123985116	1
chr3	121409372	121843564	1
chr3	119770243	120978412	1
chr3	118862251	119452657	1
chr3	117465186	118091712	1
chr3	116523199	117356567	1
chr3	116058683	116102072	1
chr3	114551884	116013159	1
chr3	113826156	114473530	1
chr3	113697304	113785685	1
chr3	113440347	113632805	1
chr3	113348416	113394444	1
chr3	113217286	113305537	1
chr3	112197863	112855785	1
chr3	112060175	112103185	1
chr3	109798063	111200820	1
chr3	109206089	109672010	1
chr3	108788544	109111016	1
chr3	108670336	108713458	1
chr3	108264402	108301242	1
chr3	108192839	108223439	1
chr3	106120023	108055167	1
chr3	105232535	105879401	1
chr3	105156071	105196603	1
chr3	104510642	104612055	1
chr3	103264968	104418715	1
chr3	102779583	102961214	1
chr3	102228640	102618594	1
chr3	101984132	102183031	1
chr3	101709769	101854779	1
chr3	99392742	101646804	1
chr3	96028582	99286203	1
chr3	95530161	95809418	1
chr3	95115210	95163460	1
chr3	88389843	95071982	1
chr3	88046394	88211811	1
chr3	87945790	87997051	1
chr3	86702103	86842885	1
chr3	86382256	86426792	1
chr3	86103454	86141324	1
chr3	85716852	85764648	1
chr3	84222415	84325052	1
chr3	83579491	83948641	1
chr3	81481606	82773196	1
chr3	81187474	81214557	1
chr3	80709685	80887241	1
chr3	80088920	80598974	1
chr3	79138136	79177583	1
chr3	78738297	78974855	1
chr3	78528625	78690785	1
chr3	78022389	78390802	1
chr3	77715899	77801401	1
chr3	76728425	77667825	1
chr3	76635430	76688002	1
chr3	76459845	76489705	1
chr21	15807753	17754026	1
chr21	18307138	18388013	1
chr21	18452502	18585406	1
chr21	19045641	19382713	1
chr21	19430963	19494338	1
chr21	19607647	20927691	1
chr21	20963310	21164866	1
chr21	21209463	21388464	1
chr21	21586926	22206122	1
chr21	22474222	22923903	1
chr21	22977006	22997742	1
chr21	23136543	23172100	1
chr21	23247340	24412718	1
chr21	24723854	25247244	1
chr21	25255522	25308086	1
chr21	25401299	26091659	1
chr21	30508665	31891619	1
chr21	32007273	32039384	1
chr21	32618821	34080961	1
chr21	34140703	34201186	1
chr21	34572535	34632573	1
chr21	34672169	35608900	1
chr21	36064886	37066264	1
chr21	38064955	40171310	1
chr21	40245733	40734736	1
chr21	41233159	41274777	1
chr21	41906507	41964784	1
chr21	42399794	42446696	1
chr21	42619280	43346012	1
chr6	155536082	155801894	1
chr6	155829163	156015585	1
chr6	156168814	156283326	1
chr6	156446939	156583581	1
chr6	157104365	158343509	1
chr6	158910375	159167472	1
chr6	159616031	159658778	1
chr6	166167104	166786432	1
chr6	169484023	169719559	1
chr6	169780243	169813583	1
chr5	97813035	98401492	1
chr5	96202315	97752389	1
chr16	2802082	2918325	1
chr16	1440611	1995635	1
chr16	866413	1125096	1
chr16	589175	748318	1
chr6	33424892	34090375	1
chr6	35447298	37211112	1
chr6	37255422	37322837	1
chr6	37491617	39058058	1
chr21	44752609	44926958	1
chr6	30227265	33377644	1
chr6	47691998	49618017	1
chr6	46219262	46993144	1
chr6	46047382	46161717	1
chr6	45462596	45902008	1
chr2	29033519	51520346	1
chr2	51709422	52058387	1
chr2	52299850	52471161	1
chr18	2176280	2481014	1
chr10	28947061	31719659	1
chr10	32009596	32051247	1
chr10	32253992	32289721	1
chr10	27747785	28913566	1
chr18	19014446	20312991	1
chr18	20974098	21039488	1
chr18	21180091	21268976	1
chr18	21440542	21524409	1
chr18	21763236	22577899	1
chr18	22685287	22813523	1
chr18	23195221	25074527	1
chr18	25241755	25461288	1
chr18	25556240	26230980	1
chr18	26389955	26407657	1
chr18	26517490	26670904	1
chr18	26794460	26851763	1
chr18	27038141	27614825	1
chr18	27735379	27909550	1
chr18	27959179	28140853	1
chr18	28262794	28290203	1
chr18	28431608	28524855	1
chr18	28770411	28814068	1
chr18	28891479	28939397	1
chr18	29254390	29561354	1
chr18	29750940	29899088	1
chr18	30044764	30498641	1
chr18	30696087	31351381	1
chr18	31540301	32723104	1
chr18	32916536	33088793	1
chr18	33257237	34841784	1
chr18	35164839	35454201	1
chr18	35810949	35916513	1
chr18	36254246	36437331	1
chr18	36574097	36697065	1
chr18	36754105	37722688	1
chr18	37926604	38389442	1
chr18	39047001	39299201	1
chr18	39450575	41016602	1
chr2	127805407	127869851	1
chr5	110280128	111082178	1
chr5	111274166	111348198	1
chr5	111984490	112033713	1
chr5	137733872	138004404	1
chr5	138145450	139498854	1
chr5	139545291	142167217	1
chr5	142726847	143172130	1
chr5	143220474	144248580	1
chr5	144496644	144579862	1
chr5	145159173	145223700	1
chr5	145503384	146429033	1
chr5	146559230	146619624	1
chr5	146689668	146780120	1
chr5	147267531	147300292	1
chr5	112299776	113633397	1
chr5	113670263	114611966	1
chr5	114846935	116473182	1
chr5	116683767	116738382	1
chr5	117871115	117907732	1
chr5	118136001	118354557	1
chr5	118504302	118552906	1
chr5	118601132	118907138	1
chr5	119202522	119398720	1
chr5	119815588	120195968	1
chr5	120528835	122186095	1
chr5	122453481	122694631	1
chr5	123033321	123782615	1
chr5	123977580	124019582	1
chr5	124350537	124386115	1
chr5	124847237	125994425	1
chr5	126146586	126293412	1
chr5	126331611	126745054	1
chr5	126924516	127234865	1
chr5	127547610	128263780	1
chr5	128727935	129359445	1
chr5	129442251	129478366	1
chr5	129869802	130141094	1
chr5	130176558	130358978	1
chr5	149927721	150177176	1
chr5	149838874	149881374	1
chr5	148966320	149781542	1
chr5	148213438	148753991	1
chr5	148076473	148157049	1
chr5	147835630	147929620	1
chr18	55133613	55172628	1
chr18	55363236	55452701	1
chr18	55585101	55716339	1
chr18	55847245	56753651	1
chr18	56905216	57198186	1
chr18	57233129	57275699	1
chr18	57416749	57454927	1
chr18	57897375	58059536	1
chr18	11592000	11912275	1
chr18	12723869	13715663	1
chr18	53759176	54244819	1
chr18	53667778	53715651	1
chr18	52618661	52654863	1
chr18	52326082	52496762	1
chr18	51654305	51859895	1
chr18	50708149	51620845	1
chr18	48144605	50662295	1
chr18	47577440	48097029	1
chr18	47123362	47377032	1
chr18	45941477	47051104	1
chr18	45036394	45711455	1
chr18	44739636	44904542	1
chr18	44583917	44687952	1
chr18	44299311	44520154	1
chr18	43197239	44139128	1
chr18	42898362	43000639	1
chr18	42364482	42731116	1
chr18	42190172	42229700	1
chr18	41755887	42164150	1
chr18	41355176	41723663	1
chr18	77140916	77392549	1
chr18	76445542	76937147	1
chr18	74073070	76266838	1
chr18	70611379	70649768	1
chr18	68076667	70436470	1
chr18	67887848	67999258	1
chr18	67733056	67840805	1
chr18	67490127	67569244	1
chr18	67388541	67461199	1
chr18	66685483	67200801	1
chr11	66024727	68240377	1
chr11	65087967	65591404	1
chr11	64266724	65034760	1
chr11	63948310	64159562	1
chr11	63136883	63803845	1
chr11	62517676	62621036	1
chr11	62104762	62461197	1
chr11	59538923	61920859	1
chr11	59100236	59260055	1
chr11	58206158	58985059	1
chr9	80111587	82779146	1
chr9	79272211	79862356	1
chr9	78226210	79246295	1
chr9	78089736	78208074	1
chr9	75974772	77378427	1
chr9	74796239	75856319	1
chr9	70842689	74753606	1
chr9	467824	551109	1
chr9	593787	923959	1
chr9	1065181	2214550	1
chr9	3857841	4421894	1
chr9	4500734	4912752	1
chr9	4981989	5065075	1
chr9	5493105	5632369	1
chr10	53638712	54230581	1
chr10	53456906	53514320	1
chr10	52750465	53326923	1
chr10	89882328	90310162	1
chr10	90408996	92781031	1
chr10	92947675	92976761	1
chr10	93842406	96750485	1
chr10	100653416	100828515	1
chr10	100971802	101678772	1
chr10	101865505	102100967	1
chr10	102161071	102555497	1
chr10	102614226	102727902	1
chr10	103764359	105415584	1
chr10	105457639	105564855	1
chr10	105814981	106124291	1
chr10	106259149	106383369	1
chr10	106418912	106585868	1
chr10	106752533	108052227	1
chr10	108091297	109006422	1
chr10	109131726	109337971	1
chr10	109454588	110014478	1
chr10	110279897	110382391	1
chr10	110583147	111773531	1
chr10	112395884	112435125	1
chr10	113235782	113616806	1
chr10	113732667	114007711	1
chr10	114247987	115827918	1
chr10	115990261	117505101	1
chr10	117548168	118131593	1
chr10	118185010	118302462	1
chr10	118425031	119311756	1
chr10	119476133	119523312	1
chr10	119574521	119624208	1
chr10	119726666	119843262	1
chr10	120144986	120179627	1
chr10	120316285	120353143	1
chr10	120619055	121132303	1
chr10	14725857	15453402	1
chr10	14476953	14582591	1
chr10	14159389	14428820	1
chr10	12718528	13234138	1
chr10	10031454	12671969	1
chr10	9774535	9820166	1
chr10	9511480	9624961	1
chr10	9405489	9476737	1
chr10	8287855	9155827	1
chr10	6233203	8176518	1
chr10	5915451	6185140	1
chr10	15469948	15571659	1
chr10	15616143	15921114	1
chr10	16118591	16729401	1
chr10	17198595	19201465	1
chr10	19232156	19909992	1
chr10	20041574	20080071	1
chr10	23418029	23638337	1
chr10	23752461	24316018	1
chr10	24467722	24960499	1
chr10	25290614	25559710	1
chr10	25593012	25639291	1
chr10	25867539	25990692	1
chr10	26131799	26142323	1
chr10	26238974	27151217	1
chr9	140562496	140929238	1
chr9	140341966	140493053	1
chr9	140135932	140191843	1
chr9	138969986	139248798	1
chr9	139298465	139621343	1
chr9	136476938	138132582	1
chr9	134765182	135278675	1
chr9	134499288	134548933	1
chr9	131056523	131078874	1
chr9	131236352	131383889	1
chr9	131565490	132182200	1
chr9	132359485	132553559	1
chr9	132698388	132808037	1
chr9	132954751	133014908	1
chr9	133058964	133224677	1
chr9	129204907	129716093	1
chr9	128245572	128822996	1
chr9	123794940	123811567	1
chr9	123993278	124863207	1
chr9	124896734	125282888	1
chr9	125390631	125489116	1
chr9	126075319	126372469	1
chr9	126417694	126445439	1
chr9	126496644	127962021	1
chr2	140158052	140594959	1
chr2	140754922	142060342	1
chr2	142224763	142291286	1
chr2	142389848	142428849	1
chr2	142634043	142822637	1
chr2	143103369	143148064	1
chr2	143178331	143277783	1
chr2	143413753	143441381	1
chr2	143624665	143884402	1
chr2	144063901	144442166	1
chr2	144522832	145099215	1
chr2	145639620	145991011	1
chr2	146103498	146427270	1
chr2	146470596	146843832	1
chr2	147504169	147527276	1
chr2	147683501	147865015	1
chr2	148011706	149677940	1
chr2	149936295	152205940	1
chr2	153815147	153926979	1
chr2	154055194	155078332	1
chr2	155260317	156594393	1
chr2	156860322	156891372	1
chr2	156922676	157800569	1
chr2	158156950	158625820	1
chr2	158752907	158790413	1
chr2	159177400	159232313	1
chr2	159314764	159368434	1
chr2	159411905	159449301	1
chr2	159573564	159691901	1
chr2	159777448	160556335	1
chr2	160616791	160697486	1
chr2	160864095	160889323	1
chr2	162351314	162411598	1
chr2	162467057	162520465	1
chr2	162547480	164490676	1
chr2	164648056	166513353	1
chr2	166797071	167556523	1
chr2	167994663	168074351	1
chr2	168640634	173263400	1
chr2	173428009	173622495	1
chr2	173760816	173899169	1
chr2	174047483	174882852	1
chr2	174928029	175160237	1
chr2	175541443	177052269	1
chr2	177232657	177985410	1
chr2	178104622	178216755	1
chr2	178270551	180293890	1
chr2	180338956	180985103	1
chr2	181122468	182207462	1
chr2	182345549	182393507	1
chr2	182557076	182863506	1
chr2	182928708	184651890	1
chr2	184893563	185061081	1
chr2	185609071	185881666	1
chr2	185933616	186183610	1
chr2	186246506	187111922	1
chr2	187292819	187335000	1
chr2	187396258	187493714	1
chr11	56656564	57334205	1
chr11	56385556	56468288	1
chr11	56256365	56311227	1
chr11	56082415	56126434	1
chr11	48029290	48632522	1
chr11	47236480	47465192	1
chr11	47094707	47182136	1
chr11	46540044	46625615	1
chr11	46047636	46416866	1
chr11	45111320	45393169	1
chr11	44824625	45055152	1
chr11	44100689	44551812	1
chr11	42636070	42833876	1
chr11	41898933	42528549	1
chr11	41522710	41712476	1
chr11	40129422	40301167	1
chr11	39973876	40001108	1
chr11	39377971	39493316	1
chr11	38566156	39207776	1
chr11	38029676	38221345	1
chr11	36761548	37727831	1
chr11	36356549	36641944	1
chr11	35651895	36238025	1
chr11	33499480	35609107	1
chr11	32576686	33360694	1
chr11	31497545	32056184	1
chr11	30583007	30751302	1
chr11	28648738	30541447	1
chr11	28355707	28548908	1
chr11	28005766	28130663	1
chr11	27638090	27877152	1
chr11	26930712	27403349	1
chr11	26409198	26657029	1
chr11	26296396	26342308	1
chr15	34616909	34667037	1
chr15	34147759	34468163	1
chr15	33794261	33830170	1
chr15	33056158	33752343	1
chr15	32906986	33008481	1
chr15	35142708	35757975	1
chr15	35868195	37567332	1
chr15	37629318	37663811	1
chr15	39232736	39581561	1
chr15	39632517	40429658	1
chr15	40565515	45864375	1
chr15	46051126	46903570	1
chr15	47165502	47292704	1
chr15	47443898	51261716	1
chr2	96770853	97040613	1
chr2	112189215	112234875	1
chr20	3605931	3653176	1
chr20	3977386	4100797	1
chr20	4132367	5155658	1
chr20	5405114	5454551	1
chr20	5655716	6489220	1
chr20	6639574	6888645	1
chr20	6934349	7110131	1
chr20	7207977	8631753	1
chr20	11916089	13218008	1
chr20	13254271	13496538	1
chr20	13653202	14510122	1
chr20	15142028	15314808	1
chr20	15483329	15809374	1
chr20	16105816	16202801	1
chr20	16248833	16381223	1
chr20	16370847	16443268	1
chr20	16610162	17652273	1
chr20	17777684	18163723	1
chr20	18234428	18653489	1
chr20	18780667	19068105	1
chr20	19223671	19304016	1
chr20	19354118	19454969	1
chr20	19492460	19569769	1
chr20	19703741	21580146	1
chr20	21844293	22264958	1
chr20	22314105	25606620	1
chr20	402683	499091	1
chr20	30026893	30077964	1
chr20	30128058	30169551	1
chr20	30232106	30322209	1
chr20	30366773	30421797	1
chr20	30698418	31340169	1
chr20	31429540	31484242	1
chr20	31647472	31804827	1
chr20	31926286	31976137	1
chr20	32428545	32686162	1
chr20	32827707	32943355	1
chr20	33113671	33268998	1
chr20	36233963	36273519	1
chr20	36388908	36437642	1
chr20	36589340	37598321	1
chr20	37650530	38294042	1
chr20	38474831	39165060	1
chr20	39218425	40939812	1
chr20	40973170	41059003	1
chr20	41163347	41796435	1
chr20	41908465	43441784	1
chr20	43490244	45983362	1
chr20	46372454	49237270	1
chr20	50306016	50367478	1
chr20	50664124	52201173	1
chr20	52534816	54199132	1
chr20	54236518	54433622	1
chr20	54617206	56546984	1
chr20	56646968	56911475	1
chr20	56953770	56993802	1
chr20	57107792	58056214	1
chr20	58148092	58659714	1
chr20	58820830	59938794	1
chr20	60175007	60508272	1
chr20	60691967	60778238	1
chr20	60930528	61049755	1
chr20	61761615	62408336	1
chr20	62457249	62492969	1
chr20	62710667	62907591	1
chr8	76252613	77574743	1
chr8	77614607	77799007	1
chr8	77973721	78087108	1
chr8	78156832	78639235	1
chr8	78914392	82692798	1
chr8	82999527	83760167	1
chr8	83856447	85071583	1
chr8	86050240	86277881	1
chr8	86425508	86453806	1
chr8	64073504	65070372	1
chr4	122242387	138672381	1
chr4	139640481	139787213	1
chr4	140546510	140710542	1
chr4	140872475	140910333	1
chr13	41023251	41060404	1
chr13	38122630	40815480	1
chr13	36284891	37334865	1
chr13	36074443	36133028	1
chr13	35954782	36036107	1
chr13	35815051	35873192	1
chr13	34487793	34600570	1
chr3	149134536	149168602	1
chr3	149819382	149836038	1
chr3	149987619	150680094	1
chr3	150795906	150839143	1
chr3	151673217	151747944	1
chr3	151783332	152511282	1
chr3	153780953	154578545	1
chr3	154615971	154701107	1
chr3	155144287	156083750	1
chr3	156231950	157542842	1
chr3	157841528	161544766	1
chr3	161844313	161953383	1
chr3	162209066	162594977	1
chr3	163907835	163965729	1
chr3	164075818	164171194	1
chr3	164338819	165595293	1
chr3	165595001	165634783	1
chr3	165820962	165902694	1
chr3	166163762	166956113	1
chr3	167091100	167105363	1
chr3	167239491	167323506	1
chr3	167367589	167621308	1
chr4	161634067	162673904	1
chr4	160697427	161236019	1
chr4	160415449	160505336	1
chr4	159954851	159986347	1
chr4	158218506	158250087	1
chr4	157934007	158045128	1
chr4	156370849	157758682	1
chr4	155549008	156152128	1
chr4	155393237	155499185	1
chr4	154315998	155097812	1
chr4	152389880	153803799	1
chr4	152057930	152107585	1
chr4	151982927	152017915	1
chr4	150966382	151617404	1
chr1	157813619	157846369	1
chr1	156997693	157016538	1
chr1	156829948	156878894	1
chr1	155016370	155434715	1
chr1	154599333	154972495	1
chr1	154431716	154469113	1
chr1	152199316	154114891	1
chr1	147241889	152092052	1
chr1	146012400	146953348	1
chr1	120106678	120588041	1
chr1	119385200	120057468	1
chr1	118162925	118336533	1
chr1	117743789	117874349	1
chr1	117574567	117624710	1
chr1	116081412	117352359	1
chr1	115605497	115770275	1
chr1	114798995	114828539	1
chr1	113614937	114673225	1
chr1	112956150	113005665	1
chr1	111821642	111894234	1
chr1	111658744	111713627	1
chr1	111489163	111507894	1
chr1	111312637	111413029	1
chr1	110041480	110080934	1
chr1	109767991	109856829	1
chr1	105714938	105738602	1
chr1	104987064	105017069	1
chr1	104471753	104523261	1
chr1	104003115	104098282	1
chr1	103714444	103750707	1
chr1	101175684	102338912	1
chr1	100353428	100457048	1
chr1	96086446	100300694	1
chr1	94151081	95916492	1
chr1	93916432	94021855	1
chr4	115559083	120209677	1
chr4	114513787	114608407	1
chr4	113942478	114316783	1
chr4	113460642	113733694	1
chr4	113132552	113182056	1
chr4	111507776	112899960	1
chr4	111064608	111114183	1
chr4	110180571	110808174	1
chr4	109685302	109932382	1
chr4	107845592	109239127	1
chr4	107431888	107468430	1
chr4	104545444	107301373	1
chr4	104006619	104286827	1
chr4	103865757	103946348	1
chr4	101179847	103793194	1
chr4	98920133	101119917	1
chr4	98381056	98764324	1
chr4	98085737	98120574	1
chr4	97264120	97361538	1
chr4	95284698	96926472	1
chr1	88649154	89413175	1
chr1	87099791	88608674	1
chr1	86211552	86892277	1
chr1	85811758	86039499	1
chr1	84614028	84843582	1
chr1	81055303	84541572	1
chr1	80831228	80888853	1
chr1	80549937	80658311	1
chr1	79781067	80297137	1
chr1	79294597	79364059	1
chr1	78110249	79128135	1
chr1	77392614	77439875	1
chr1	77045741	77086080	1
chr1	75926373	75997032	1
chr1	75355115	75438784	1
chr1	75144546	75176820	1
chr1	69519824	74837000	1
chr1	69036231	69441629	1
chr1	68791793	68903387	1
chr8	56650302	59611571	1
chr8	59985131	61186351	1
chr8	61237353	61615899	1
chr8	61655358	61741581	1
chr8	61785478	62247021	1
chr8	97071581	97098770	1
chr8	96815946	96859647	1
chr8	96700877	96776837	1
chr8	96439181	96538295	1
chr8	96283529	96319644	1
chr8	95497288	95796171	1
chr8	95368766	95423892	1
chr8	94741649	95056396	1
chr8	91007843	91265197	1
chr8	88989527	90947419	1
chr8	88215046	88745395	1
chr8	87055892	88007782	1
chr8	63094609	63349147	1
chr6	99849943	99985095	1
chr6	99729545	99805339	1
chr6	99025499	99417474	1
chr6	98782866	98801621	1
chr6	98502676	98738785	1
chr6	97948249	98296311	1
chr6	96633940	97831767	1
chr6	96456603	96598004	1
chr6	95830543	96375896	1
chr6	92866829	94459255	1
chr6	91941968	92778338	1
chr6	91311555	91622564	1
chr6	90749031	91177396	1
chr6	88770945	89137565	1
chr6	88718650	88736698	1
chr6	88427244	88686487	1
chr6	88170536	88229548	1
chr6	87859278	87964038	1
chr9	27325070	27726022	1
chr9	27841412	28434825	1
chr9	28737907	28819062	1
chr9	28842091	29022202	1
chr9	31047587	31914073	1
chr9	31999323	32332442	1
chr9	32932474	33405289	1
chr9	33441402	33815149	1
chr9	34021285	34668184	1
chr9	34716317	34729747	1
chr9	34886338	35439544	1
chr9	35933988	36005693	1
chr9	36009131	37590933	1
chr9	100136731	101783496	1
chr9	101976482	103171843	1
chr9	103197180	103771175	1
chr9	103798449	104095782	1
chr9	104195465	104239336	1
chr9	104414211	104547587	1
chr9	104589694	104675184	1
chr9	104837476	104948170	1
chr9	105234032	105516093	1
chr9	105566445	107573178	1
chr9	107956188	108538860	1
chr9	108735644	108864845	1
chr9	108983965	109154549	1
chr9	109179284	109215404	1
chr9	109281556	110472814	1
chr9	110745045	113839361	1
chr9	114092225	115729384	1
chr9	115803553	116083945	1
chr9	116262746	117647945	1
chr9	117806161	117933496	1
chr9	117973590	118576586	1
chr9	118800142	118932401	1
chr9	119098881	119143191	1
chr9	119577279	119760797	1
chr9	119885447	119921822	1
chr9	120047547	120151106	1
chr9	120187972	120275191	1
chr9	120782793	121287326	1
chr9	123354082	123385100	1
chr9	83009771	83322916	1
chr9	83419640	83541052	1
chr9	83590966	83643114	1
chr9	7943552	9613025	1
chr9	9662056	9908199	1
chr9	10332107	11204217	1
chr9	11409941	11426724	1
chr9	12045285	13325537	1
chr9	13371806	13849207	1
chr9	14013844	14064521	1
chr9	14106466	14658002	1
chr9	14703162	14786838	1
chr9	15078377	15486742	1
chr9	15693991	15739221	1
chr9	16159817	16201354	1
chr9	16556371	17233565	1
chr9	17566594	19304018	1
chr9	19450212	22857790	1
chr9	22895189	23222732	1
chr9	23270389	23935894	1
chr9	23982837	26871248	1
chr1	59210102	59250886	1
chr1	59384543	63727975	1
chr1	63785425	64649682	1
chr1	64677052	64702085	1
chr1	65039045	66107891	1
chr1	66449635	66938835	1
chr1	67117385	67252900	1
chr1	58494866	58726185	1
chr1	58142596	58206094	1
chr1	57794842	58014379	1
chr1	56941195	57608509	1
chr1	56277759	56559519	1
chr1	55430146	56203707	1
chr1	54102312	54635732	1
chr1	54007855	54060881	1
chr1	53659612	53788073	1
chr1	53522841	53575210	1
chr1	51117943	53131530	1
chr1	50676079	50968987	1
chr1	49387386	49632466	1
chr1	48372474	48590126	1
chr1	48063949	48331699	1
chr1	47889982	47939621	1
chr1	47506848	47729417	1
chr1	46886483	46938695	1
chr1	46488090	46716351	1
chr1	46346747	46419546	1
chr1	45205183	46196091	1
chr1	45027865	45156024	1
chr1	44769761	44890580	1
chr1	42408236	43882420	1
chr1	41708891	42218980	1
chr1	40430122	40571038	1
chr1	38910192	40371834	1
chr1	38003402	38542561	1
chr1	36063433	37262475	1
chr1	35373242	35925390	1
chr1	33926675	34222313	1
chr1	33556323	33879410	1
chr1	32310591	33066406	1
chr1	31379545	32260948	1
chr1	30154338	31113665	1
chr1	26769320	29396890	1
chr1	25357190	25884980	1
chr1	25255328	25298900	1
chr1	23875976	24711184	1
chr1	22624220	23835013	1
chr1	20170628	22424495	1
chr1	19474424	19992802	1
chr1	19057932	19418102	1
chr1	14214854	16582609	1
chr1	12380025	12423681	1
chr1	11942354	12092348	1
chr1	11134200	11477648	1
chr1	10543033	10934143	1
chr1	10345179	10391927	1
chr1	9536878	10286614	1
chr1	7687307	8085228	1
chr1	7046057	7307085	1
chr1	4842544	6504201	1
chr1	1102216	4331152	1
chr1	1003890	1056909	1
chr7	91774081	92686489	1
chr7	91201905	91521029	1
chr7	90370727	91033485	1
chr7	90097903	90141452	1
chr7	89975456	90019060	1
chr7	89780950	89856112	1
chr7	89247334	89647506	1
chr7	87786450	89214507	1
chr7	87670844	87699346	1
chr7	86972967	87029178	1
chr7	85512304	86710301	1
chr7	85293076	85320391	1
chr7	84472428	85342001	1
chr7	82743876	84160034	1
chr7	82369905	82401246	1
chr7	81794668	82361207	1
chr7	80043424	81620170	1
chr7	79417050	79939215	1
chr7	78315175	78986365	1
chr7	78135451	78200799	1
chr7	77623982	78016508	1
chr7	77055822	77168542	1
chr7	76782323	76827442	1
chr7	102583808	103018265	1
chr7	152755301	153136255	1
chr7	153418922	153528468	1
chr7	153696005	153916076	1
chr7	154269158	155161842	1
chr7	155239852	156476914	1
chr7	156711260	156797744	1
chr7	157014882	157058543	1
chr2	26856402	27809577	1
chr2	28064328	28390737	1
chr2	28572559	28657157	1
chr2	28685172	28781342	1
chr18	683165	878355	1
chr22	32015720	32507108	1
chr4	1983284	2369000	1
chr4	2590717	2690647	1
chr4	2860090	2907271	1
chr4	3030798	3411885	1
chr4	8651158	8889396	1
chr4	7561038	7613968	1
chr4	5207779	7216532	1
chr4	10880951	10924755	1
chr4	10972418	11005328	1
chr4	11394898	11557509	1
chr4	11604808	11775739	1
chr4	12065106	12520327	1
chr4	12609885	13310136	1
chr4	13550901	14218299	1
chr4	14362655	15070810	1
chr4	15250887	16284247	1
chr4	16434386	16481634	1
chr4	16786516	18152550	1
chr4	18457831	18514024	1
chr4	18555899	18573278	1
chr4	18630433	19814653	1
chr4	19916184	20605806	1
chr4	20750077	20811341	1
chr4	21128790	21218805	1
chr4	21262291	21304798	1
chr4	21409528	21547872	1
chr4	21589736	21789778	1
chr4	22304363	38357072	1
chr4	38492196	39030341	1
chr4	39195904	39740105	1
chr4	40338857	40410226	1
chr4	40614000	43068189	1
chr4	43131651	43277907	1
chr4	43739454	45676516	1
chr4	46178027	46258812	1
chr4	46583605	46622001	1
chr4	46744316	47215993	1
chr4	47643136	48897212	1
chr4	52970533	55394807	1
chr4	55595153	55815472	1
chr4	56332637	56377425	1
chr4	56458231	62010831	1
chr4	62136000	63013849	1
chr4	63116871	64190533	1
chr4	64416763	64544193	1
chr4	65555584	67331142	1
chr4	67459415	67724156	1
chr4	67756691	67830651	1
chr4	68238913	68404730	1
chr4	68562520	68621994	1
chr4	70687388	70872329	1
chr4	75205978	78125204	1
chr4	78366683	78784538	1
chr4	78841793	78973727	1
chr4	79301479	79443079	1
chr4	79836728	79947000	1
chr4	79991805	80585370	1
chr4	80635005	80732731	1
chr4	80948524	80977872	1
chr4	81008049	81342679	1
chr4	82009923	82063029	1
chr4	82237597	82290064	1
chr4	82562749	85176438	1
chr4	85443488	85512575	1
chr4	85558301	85861968	1
chr4	86334388	86450415	1
chr4	86706172	86751147	1
chr4	86914909	87052519	1
chr4	87202726	87309922	1
chr4	87749124	88999089	1
chr1	90064042	90308177	1
chr1	90770630	91374528	1
chr1	91588995	91638460	1
chr1	92021713	93830296	1
chr22	28461013	28846846	1
chr22	27388306	28082569	1
chr12	110289355	110486426	1
chr12	120452665	120556507	1
chr12	120376760	120406168	1
chr12	119311976	120239760	1
chr12	117610792	119195073	1
chr12	116200269	116606008	1
chr12	113714774	115912771	1
chr12	110488792	113254002	1
chr12	121698096	121747896	1
chr12	121803986	123612047	1
chr12	123803311	124427837	1
chr12	124673022	124775089	1
chr12	124843978	125640179	1
chr12	125723751	126629431	1
chr12	126800834	126916533	1
chr12	127266340	127702466	1
chr12	127987037	128027282	1
chr12	128197637	129531201	1
chr12	129793031	129849117	1
chr12	130089111	130657151	1
chr12	131026893	131167514	1
chr7	71657410	71941881	1
chr7	70689649	71170220	1
chr7	66836774	70129427	1
chr7	100958318	102158139	1
chr7	99969720	100485959	1
chr7	1503095	1793999	1
chr7	1992818	2824244	1
chr7	3107644	3149273	1
chr7	3283589	3325827	1
chr7	3414824	4647329	1
chr7	4810268	5349125	1
chr7	5384649	5793798	1
chr7	6614217	6648374	1
chr7	6267667	6489471	1
chr7	5941345	6007653	1
chr13	27368420	27957021	1
chr13	28573304	30278825	1
chr13	30439549	31286254	1
chr13	31754658	31787204	1
chr13	31848491	31906394	1
chr13	32056429	32121314	1
chr13	32354879	32380037	1
chr13	32438451	34255410	1
chr7	92758941	93669151	1
chr7	93918653	95758873	1
chr7	95990223	96044408	1
chr7	96091732	96129623	1
chr7	96173403	96327407	1
chr7	96621173	97450289	1
chr7	7132927	7531317	1
chr7	7663387	7742923	1
chr7	7893262	8037830	1
chr7	8175557	8853864	1
chr7	10425262	10592239	1
chr7	12280047	12383893	1
chr7	112207126	113357504	1
chr7	115100604	115215177	1
chr7	116086197	116149209	1
chr7	116192494	117214308	1
chr7	117826462	117885282	1
chr7	118302121	119586840	1
chr7	119608942	123523906	1
chr7	123557689	123597207	1
chr7	124571291	124888914	1
chr7	124917777	124969279	1
chr7	125485638	125537787	1
chr7	125596168	125673365	1
chr7	125739127	126014520	1
chr7	126374356	127019468	1
chr7	128322941	129978913	1
chr7	131033843	131097142	1
chr7	131248904	131296198	1
chr7	131503584	131547303	1
chr7	131584917	132241938	1
chr7	132520533	132564847	1
chr7	132755535	133793301	1
chr7	133993613	134226546	1
chr7	134599409	136615729	1
chr7	136672277	137761084	1
chr7	139449795	139593045	1
chr7	139881831	144787867	1
chr7	145108479	146037661	1
chr7	146076661	146116626	1
chr7	146169717	146225108	1
chr7	146256895	146302384	1
chr7	146429195	146467769	1
chr7	146624159	146707790	1
chr7	146962128	147567257	1
chr7	147613160	149293119	1
chr7	149408805	150035763	1
chr7	150517386	150558396	1
chr7	23399855	24636926	1
chr7	24827018	24885111	1
chr7	25062612	25220082	1
chr7	25432814	25966149	1
chr7	26214441	27972725	1
chr7	28367676	28410177	1
chr7	28723022	28763360	1
chr7	28902514	29293459	1
chr7	29425374	29483682	1
chr7	29539210	30560337	1
chr7	30640214	30982395	1
chr7	31046788	31190730	1
chr7	32074469	33103105	1
chr4	89535193	89758586	1
chr4	90033960	90080404	1
chr4	90115917	92162948	1
chr4	92368199	93033585	1
chr4	93116508	93259445	1
chr4	93411606	93460816	1
chr4	94297501	94324844	1
chr4	94542458	94595125	1
chr4	94885380	95081440	1
chr4	95228512	95273100	1
chr4	121974647	122399379	1
chr4	120978625	121931091	1
chr1	67875586	67966770	1
chr2	86536430	89165859	1
chr2	86441836	86485168	1
chr2	85209205	86304631	1
chr2	83583876	85052591	1
chr2	82879759	83284348	1
chr2	82116285	82780960	1
chr2	81309415	81994685	1
chr2	81096574	81125495	1
chr2	80928812	80976123	1
chr2	80004323	80050323	1
chr2	79791339	79875633	1
chr2	77688702	79520135	1
chr2	76837789	77173811	1
chr2	76483549	76787408	1
chr2	74327304	76154237	1
chr2	71543990	72389693	1
chr2	72677775	73530491	1
chr3	14248770	14603148	1
chr3	14845697	15163105	1
chr3	64410033	65038752	1
chr3	65186915	65320437	1
chr3	65353589	65477740	1
chr3	65688542	65730586	1
chr3	66093752	67062394	1
chr3	67186078	67924935	1
chr3	68386207	68421537	1
chr3	68739814	68792993	1
chr3	68887028	71136392	1
chr3	71173826	71516230	1
chr3	71559696	72248094	1
chr3	72536835	72989691	1
chr3	73253871	73494640	1
chr3	73847704	73875855	1
chr3	74161486	74197742	1
chr3	74227567	74774767	1
chr3	726278	3935671	1
chr3	3999159	4744057	1
chr3	4785079	5135123	1
chr3	5211691	5249955	1
chr3	5287523	5333549	1
chr3	5361780	5522012	1
chr3	5680195	7752002	1
chr3	7784635	7819682	1
chr3	8069491	8257325	1
chr3	8485431	10026715	1
chr3	10346187	10396746	1
chr3	10545818	10710217	1
chr3	10760879	11964560	1
chr3	12014073	12379910	1
chr3	12514293	12610655	1
chr10	43488987	44476321	1
chr12	1930554	2822666	1
chr12	1414841	1653759	1
chr12	1229561	1313953	1
chr12	428313	969434	1
chr22	17565810	17634567	1
chr22	18547890	18634369	1
chr12	8848158	9285973	1
chr12	8273113	8281991	1
chr12	6638956	7179214	1
chr12	4928599	6360819	1
chr12	2902551	3923297	1
chr12	10740853	10906151	1
chr12	14128560	15241664	1
chr12	15295719	15334991	1
chr12	15569772	16680042	1
chr12	17139376	17266836	1
chr12	17438715	17832895	1
chr12	18142836	19033322	1
chr12	19211415	19472708	1
chr12	20164457	23954067	1
chr12	24456852	25820337	1
chr12	25943287	26084283	1
chr12	26453649	26518490	1
chr7	92319906	92390482	1
chr19	54367488	54562009	1
chr19	54687276	54727121	1
chr19	40330969	41288375	1
chr19	35476383	39997486	1
chr19	33601561	34992125	1
chr19	33222340	33280620	1
chr19	31640259	32722332	1
chr19	30877968	31502157	1
chr19	30114049	30619439	1
chr11	20114143	20615105	1
chr11	20657700	20701119	1
chr11	21038496	21862354	1
chr11	21924176	21951003	1
chr11	22053754	22105320	1
chr11	22439371	22483017	1
chr11	22530643	23128497	1
chr11	23259481	23874510	1
chr11	23966483	24288708	1
chr11	24365450	24435104	1
chr11	24849614	25232936	1
chr15	27020274	28567556	1
chr15	26212432	26544770	1
chr15	25746888	26157728	1
chr15	31191635	32579803	1
chr15	102086738	102184842	1
chr15	101667313	101756354	1
chr15	99779274	101382874	1
chr15	99138178	99566537	1
chr15	98915925	98960129	1
chr15	96531921	97017497	1
chr15	95834903	96290577	1
chr15	95623462	95676483	1
chr15	95533827	95571780	1
chr15	95305944	95464752	1
chr15	94528573	94617990	1
chr15	91593057	94418404	1
chr15	86392002	86417656	1
chr15	86446899	86469827	1
chr15	87934855	88560607	1
chr15	88758018	88842129	1
chr15	88883189	89110999	1
chr15	89549683	89711356	1
chr15	89757921	89988912	1
chr15	81152002	81273000	1
chr15	80924485	80973770	1
chr11	88009236	89350901	1
chr11	87162182	87840713	1
chr11	78609591	78660287	1
chr11	71627031	78477286	1
chr11	4993978	5656124	1
chr11	5739167	17360015	1
chr16	23276381	27974927	1
chr10	121771778	121812638	1
chr10	121866631	121895670	1
chr10	126607570	126854970	1
chr10	127157770	127197612	1
chr10	127384738	132204117	1
chr10	133891090	134595865	1
chr11	192897	1940731	1
chr11	2071094	2182788	1
chr11	2191591	2338541	1
chr11	2404479	2766667	1
chr11	2904778	3254669	1
chr11	70495405	70869057	1
chr11	70056315	70423387	1
chr11	69283045	69457176	1
chr13	103533914	103596252	1
chr13	103607544	104308029	1
chr13	104341381	104414058	1
chr13	104702793	104788432	1
chr13	104977815	106316328	1
chr13	106440540	106483539	1
chr13	106527471	106819672	1
chr13	107071558	108708259	1
chr13	109154774	109270325	1
chr13	109437768	109828456	1
chr13	109887320	109953504	1
chr13	110200770	110643200	1
chr13	110859177	110915652	1
chr13	111077593	111625443	1
chr13	111808681	111895603	1
chr13	112324951	112352249	1
chr13	112554739	112622108	1
chr13	112772658	113349043	1
chr8	2068931	2103711	1
chr8	2149179	2244491	1
chr8	2417256	2593895	1
chr8	3167888	3335973	1
chr8	3579077	5351557	1
chr8	5405020	5698228	1
chr8	5960984	6693649	1
chr8	42386207	42506867	1
chr8	40560345	42046611	1
chr8	40349573	40399208	1
chr8	37962286	40080965	1
chr8	36943791	37064487	1
chr8	37585651	37925894	1
chr8	35940866	36148361	1
chr8	34433988	35754453	1
chr8	33566380	34080097	1
chr8	33283781	33521423	1
chr8	32585137	33143525	1
chr8	31949239	32270740	1
chr8	31862084	31910645	1
chr8	31626472	31746586	1
chr8	8188837	8297496	1
chr8	12685704	12902645	1
chr8	12950039	12994917	1
chr8	13180378	13902132	1
chr8	14202896	14783794	1
chr8	14950569	14996741	1
chr8	15380264	15670250	1
chr8	15841191	16600483	1
chr8	16775443	16840361	1
chr8	16990229	17022456	1
chr8	17160059	17325473	1
chr8	17455656	17682351	1
chr8	17813521	17958954	1
chr4	190699225	190740197	1
chr4	190554285	190581463	1
chr4	188288112	190365042	1
chr4	187849460	187949759	1
chr4	187274603	187472844	1
chr4	187072756	187122514	1
chr4	186726609	186915151	1
chr4	186638775	186677016	1
chr4	185071007	186428479	1
chr4	184016312	184737065	1
chr4	183631289	183834729	1
chr4	182898149	182931388	1
chr4	182714850	182861337	1
chr4	182582148	182662470	1
chr4	182218081	182263120	1
chr4	182129658	182176513	1
chr4	181892782	181987593	1
chr4	180334950	181309573	1
chr4	180246383	180301298	1
chr4	179640337	180118040	1
chr4	179379361	179456490	1
chr4	178517148	178613790	1
chr4	178134138	178178471	1
chr4	177866761	178000444	1
chr4	177531099	177591727	1
chr4	176481517	177098476	1
chr4	175935270	176164033	1
chr4	175290935	175848215	1
chr4	175078520	175118750	1
chr4	174829905	174913610	1
chr4	174681127	174727870	1
chr4	174246029	174451166	1
chr4	173266335	174015198	1
chr4	171463734	172932251	1
chr4	169401582	169513024	1
chr4	168865603	169204970	1
chr4	168644166	168723240	1
chr4	167724389	168331925	1
chr4	167321242	167650130	1
chr4	166764236	167268749	1
chr4	165564586	166624767	1
chr4	164071591	165331625	1
chr4	163886034	163933830	1
chr8	18483859	18516230	1
chr8	18833760	18897504	1
chr8	18936666	18990673	1
chr8	19058406	19131830	1
chr8	19170539	20177976	1
chr19	17970476	19141933	1
chr19	17186030	17397651	1
chr22	35256070	35807024	1
chr4	150576260	150683929	1
chr4	149382423	150424807	1
chr4	149316535	149349261	1
chr4	147086956	149280353	1
chr4	146807266	146852167	1
chr4	146325740	146773071	1
chr4	145474172	145629741	1
chr4	145207117	145226486	1
chr4	141932542	144261430	1
chr19	12880488	14683008	1
chr16	46693272	46706576	1
chr16	46739480	46950483	1
chr16	47008605	49926928	1
chr16	50056586	50229463	1
chr16	50283962	50526019	1
chr16	50672627	51028929	1
chr16	51082373	51135971	1
chr16	51178683	51290095	1
chr16	51732643	52388612	1
chr16	53598574	53742337	1
chr16	53779114	59097557	1
chr16	59290733	59385826	1
chr16	59636246	60111192	1
chr16	60240256	60314040	1
chr16	60416564	60788395	1
chr16	60872446	60957337	1
chr16	61267072	61397929	1
chr16	61603182	62773494	1
chr16	62890202	62989430	1
chr16	63278288	64667731	1
chr16	64876120	66319175	1
chr16	66694815	66796958	1
chr16	66908593	66942630	1
chr16	66968905	67687998	1
chr16	68305507	68353329	1
chr16	68394837	68746313	1
chr16	68998985	69418632	1
chr16	69529760	69733892	1
chr16	72205079	72321703	1
chr16	70206183	71736692	1
chr16	75030848	75088243	1
chr16	75130503	75183084	1
chr16	75336106	76316454	1
chr16	76414986	76462618	1
chr16	76504605	76879222	1
chr16	77034744	79621585	1
chr16	79742682	80109732	1
chr16	80414155	80465435	1
chr16	80606212	81324170	1
chr16	81689836	81973249	1
chr16	82149981	88974963	1
chr16	89162789	89244509	1
chr16	89492991	89940949	1
chr16	89998882	90026553	1
chr1	228938453	229687417	1
chr1	229908269	231540758	1
chr1	231763405	231906284	1
chr1	232728432	233987428	1
chr1	234202708	234496384	1
chr1	234851195	234904025	1
chr10	33640827	35152269	1
chr10	32833047	32876154	1
chr11	106770498	106788767	1
chr11	104043532	106612772	1
chr11	103889553	104007222	1
chr11	102593664	103770939	1
chr11	101929578	102537311	1
chr11	100337768	101620014	1
chr11	99620902	99798121	1
chr11	99347176	99578225	1
chr11	99220600	99305859	1
chr11	99036249	99196932	1
chr11	93978546	98412141	1
chr11	92489693	93524477	1
chr11	90183545	92156293	1
chr19	8918479	8943855	1
chr19	8982589	9011523	1
chr19	9920299	11689880	1
chr7	33669238	33687442	1
chr7	33727564	34185496	1
chr7	34292995	34397011	1
chr7	34683809	34924864	1
chr7	35051092	35164486	1
chr7	35527229	36340256	1
chr11	134663697	134673418	1
chr11	132736751	134536835	1
chr11	132574658	132617885	1
chr11	132418548	132461810	1
chr11	131801526	131917394	1
chr11	130288254	131760969	1
chr11	129920220	129965638	1
chr11	129063988	129788705	1
chr11	128005486	128673046	1
chr11	127726349	127873090	1
chr11	127271308	127696857	1
chr11	126587091	127183128	1
chr11	126193131	126468307	1
chr11	126036203	126075773	1
chr11	125601229	125872115	1
chr11	124863387	125552752	1
chr11	124439879	124478387	1
chr11	124283934	124366482	1
chr11	123955310	124062304	1
chr11	123111121	123572499	1
chr11	122256621	122531836	1
chr11	121782120	121821863	1
chr11	121253528	121429297	1
chr11	119631279	121076320	1
chr11	119422526	119465943	1
chr11	118463374	119247309	1
chr11	118280874	118316400	1
chr11	117490435	118240355	1
chr11	117245596	117340900	1
chr11	116565918	117187845	1
chr11	116418285	116512976	1
chr11	115231239	116369658	1
chr11	115066396	115107231	1
chr11	114627888	114668959	1
chr11	112973968	113935137	1
chr11	110799061	112754370	1
chr11	110120639	110758472	1
chr11	108913813	109893796	1
chr11	108626912	108722213	1
chr15	76091593	77880751	1
chr15	77921333	78060560	1
chr15	78107706	78150443	1
chr15	75622793	75633780	1
chr15	74980074	75242952	1
chr15	74318441	74838148	1
chr15	74017762	74262080	1
chr15	73600596	73719038	1
chr15	73279755	73407890	1
chr15	73190359	73248002	1
chr15	68809391	72876761	1
chr15	67726537	68772321	1
chr15	67027100	67318007	1
chr15	66574839	66984118	1
chr15	65661845	66450633	1
chr15	65368928	65421699	1
chr15	64693807	64794496	1
chr15	64472703	64644641	1
chr15	64303960	64344270	1
chr15	63315345	63988843	1
chr15	62405665	62866361	1
chr15	62314292	62359377	1
chr15	61092877	61888939	1
chr15	60976203	61057583	1
chr15	60610916	60665977	1
chr15	59845394	60025610	1
chr15	58476351	59776041	1
chr15	57697592	58342040	1
chr15	57496815	57645283	1
chr15	56161852	56436228	1
chr15	54868607	55354487	1
chr15	54780708	54810606	1
chr15	54622416	54705060	1
chr15	54368964	54579656	1
chr15	52873829	52932497	1
chr15	52401199	52820224	1
chr6	54833617	55048157	1
chr6	54447943	54783156	1
chr6	54147976	54185690	1
chr6	53743827	53787519	1
chr6	52696539	53695435	1
chr6	74529857	74702246	1
chr6	74770632	75385174	1
chr6	75635352	75909093	1
chr6	76045170	76215001	1
chr6	76310862	76484461	1
chr6	76743580	76783037	1
chr6	77055305	78166744	1
chr6	78201108	81184568	1
chr6	81242056	81272061	1
chr6	81535925	83540848	1
chr6	83732806	83834415	1
chr6	84400970	84572782	1
chr6	84894722	85592651	1
chr6	85870216	86141027	1
chr6	86300853	86389513	1
chr15	79306042	80272837	1
chr3	145898361	148087492	1
chr3	145733739	145751908	1
chr3	144869057	145507216	1
chr3	144369286	144730612	1
chr3	143401967	144263349	1
chr3	142662637	143292909	1
chr3	142339515	142459366	1
chr3	142241423	142287301	1
chr3	141922251	142080273	1
chr3	141581787	141747129	1
chr3	140577889	141430855	1
chr3	140086535	140353458	1
chr3	139354498	139916915	1
chr3	138959510	139232238	1
chr3	138877068	138920327	1
chr3	138634397	138821629	1
chr3	138407413	138582582	1
chr3	137888799	137988713	1
chr3	137542005	137844103	1
chr3	136942418	137371438	1
chr3	135600521	136791664	1
chr3	134379168	135430926	1
chr3	133283870	133339843	1
chr3	132468552	132775272	1
chr3	131972677	132181408	1
chr3	131452435	131923836	1
chr3	130803619	131421622	1
chr3	130558829	130610320	1
chr3	130141246	130515748	1
chr3	51997540	52169387	1
chr3	51416660	51458499	1
chr3	50648315	50883036	1
chr3	48413693	50521982	1
chr3	47059166	47982882	1
chr3	46570736	47013520	1
chr3	36516146	36994367	1
chr3	36152250	36452454	1
chr3	35511893	35841048	1
chr3	35160831	35381026	1
chr3	30222739	30837077	1
chr3	29175056	29996868	1
chr3	29051797	29089071	1
chr3	28768250	28869202	1
chr3	27753689	28608488	1
chr3	37493989	37983329	1
chr3	38780172	39304152	1
chr3	39369574	40408090	1
chr3	40469480	42704688	1
chr3	42929916	43911770	1
chr3	44303961	45487192	1
chr3	45761691	45985589	1
chr3	46032048	46412289	1
