chr8	56388856	56523559	2
chr8	55631785	55700697	2
chr8	55178843	55546129	2
chr8	54819374	55133932	2
chr8	54111782	54134188	2
chr8	53913121	54033505	2
chr8	52997969	53824074	2
chr8	52685836	52961011	2
chr8	52532965	52582102	2
chr8	68942934	69020410	2
chr8	69299135	69325250	2
chr8	70376509	70854425	2
chr8	70911210	71417224	2
chr8	71417224	72039477	2
chr8	72073455	72501078	2
chr8	72643126	72907998	2
chr8	73066304	73359702	2
chr8	74364345	74449024	2
chr8	75444471	75483539	2
chr8	75540416	75680005	2
chr8	75744773	75834630	2
chr6	49795675	49875473	2
chr6	50982471	51509973	2
chr6	51726087	51929843	2
chr6	52453838	52557424	2
chr6	73723168	73892032	2
chr6	73571232	73604638	2
chr6	73314168	73413395	2
chr6	73173710	73212918	2
chr6	72400210	72730256	2
chr6	72197144	72366943	2
chr6	71927444	72158228	2
chr6	71499653	71796976	2
chr6	71154604	71389994	2
chr6	70546734	71106115	2
chr6	70412631	70516042	2
chr6	70145778	70353995	2
chr6	69525672	69581948	2
chr6	69265671	69352294	2
chr6	67358541	67789958	2
chr6	67048440	67358507	2
chr6	66529645	66765620	2
chr6	66219476	66242629	2
chr6	66162719	66208000	2
chr6	65584594	65638967	2
chr6	65422890	65537726	2
chr6	64760237	65365379	2
chr6	64511416	64722629	2
chr6	64290124	64356531	2
chr6	57793634	64155799	2
chr6	56997875	57760418	2
chr6	56587781	56904229	2
chr6	56328213	56578195	2
chr2	131512794	131688954	2
chr2	130536640	130559877	2
chr2	98615709	99272205	2
chr2	99538366	100535857	2
chr2	101385191	101556667	2
chr2	101602617	101647357	2
chr2	101702026	102316512	2
chr2	102818140	102862444	2
chr2	103574081	103681066	2
chr2	104272300	104738308	2
chr2	104774059	104968982	2
chr2	105008516	105092954	2
chr2	105246957	105438553	2
chr2	189601517	189734199	2
chr2	189870854	189951257	2
chr2	189998769	190294429	2
chr2	196464309	196575794	2
chr2	195417001	195598840	2
chr2	195194823	195391662	2
chr2	194718430	194768215	2
chr2	193583712	193986138	2
chr2	193370409	193404497	2
chr2	193233472	193370394	2
chr2	192369857	192623430	2
chr2	191758222	192335967	2
chr2	191408497	191717095	2
chr2	196590841	197116612	2
chr2	197292867	197803994	2
chr2	198326319	198388687	2
chr2	198658046	198750115	2
chr2	199191087	199396726	2
chr2	199460957	200478459	2
chr2	200527796	201179589	2
chr2	201860571	202588950	2
chr2	203882145	204206598	2
chr2	204274708	204539126	2
chr2	204569501	205012577	2
chr2	205166530	205376096	2
chr2	205407470	205628565	2
chr2	205630148	205816691	2
chr2	205937402	206259372	2
chr2	206299244	206378724	2
chr2	206712398	206775201	2
chr2	206892710	207054951	2
chr2	207092025	207434001	2
chr2	207483140	207696175	2
chr2	207722240	207846055	2
chr2	208378223	208461082	2
chr2	208606206	208691486	2
chr2	208781048	208886619	2
chr2	209816275	210304698	2
chr2	210347263	210590353	2
chr2	210642177	211383075	2
chr2	211574900	211653581	2
chr2	212287077	213323515	2
chr2	213574544	214989576	2
chr2	215039581	215720626	2
chr2	215720626	215919061	2
chr2	216093903	216916562	2
chr2	217129146	217291693	2
chr2	217462217	218189497	2
chr2	218189497	219120502	2
chr2	219169372	220782549	2
chr2	221493780	221613593	2
chr2	223040888	223129482	2
chr2	223553829	224268340	2
chr2	224996751	225474469	2
chr2	226449189	227200590	2
chr2	227343209	227523786	2
chr2	228188393	228234122	2
chr2	228691204	228888372	2
chr2	229997597	230348948	2
chr2	230989111	232597567	2
chr2	233385214	233629680	2
chr2	233839087	233885673	2
chr2	234329901	234437685	2
chr2	234746570	234863972	2
chr2	234922056	236706210	2
chr2	237089702	237755879	2
chr2	237919676	238660033	2
chr2	239412038	239605692	2
chr2	240218132	240266322	2
chr2	240443768	241112959	2
chr2	241179594	241709570	2
chr2	241862014	242136044	2
chr2	242137925	242744433	2
chr5	98385354	98528394	2
chr5	98705234	98743663	2
chr5	98872775	100284727	2
chr5	100332176	101455506	2
chr5	101811300	101871517	2
chr5	102161129	102194102	2
chr2	123085948	123826656	2
chr2	124175539	124631733	2
chr2	124914928	125547521	2
chr18	59733525	60231956	2
chr18	60796018	60890799	2
chr18	60890799	60939722	2
chr18	61219980	61329663	2
chr18	61348634	61445849	2
chr18	61621258	61955497	2
chr18	62010184	62347496	2
chr18	62390912	62672255	2
chr18	63159970	63383673	2
chr18	63383673	63553415	2
chr18	64196827	64230983	2
chr18	64350923	64647745	2
chr2	122585947	123192585	2
chr2	123433885	123573766	2
chr2	124027486	124946927	2
chr2	125023645	125059194	2
chr2	125378535	125598524	2
chr2	120643386	120692895	2
chr2	120318959	120447147	2
chr2	120197536	120251602	2
chr2	118675785	118837220	2
chr2	116621843	118607761	2
chr2	115720297	116503946	2
chr2	115565846	115720297	2
chr2	115321317	115531331	2
chr2	114798535	115039873	2
chr2	133450786	133721495	2
chr2	134038580	134542880	2
chr2	135809315	135927402	2
chr2	136467584	137371554	2
chr2	138369282	138607743	2
chr1	207124258	207239640	2
chr1	204892064	205922697	2
chr1	204043365	204486987	2
chr1	202996990	203373209	2
chr1	202572335	202960527	2
chr1	202075881	202526103	2
chr1	201813999	202075746	2
chr1	201117714	201760228	2
chr1	200264678	200489980	2
chr1	200014575	200170849	2
chr1	199087124	199787235	2
chr1	198726390	199040529	2
chr1	198518921	198684763	2
chr1	194122440	194364852	2
chr1	193655786	193754858	2
chr1	193316434	193522263	2
chr1	193058705	193078681	2
chr1	192895149	193058705	2
chr1	192586601	192784933	2
chr1	191278385	192500334	2
chr1	190307642	190464361	2
chr1	190194966	190256440	2
chr1	189753348	190006008	2
chr1	188754523	188817346	2
chr1	188334949	188602600	2
chr1	186999550	187055934	2
chr1	186576275	186686759	2
chr1	186041331	186468466	2
chr1	184823561	185435450	2
chr1	184337772	184770327	2
chr1	184014745	184286739	2
chr1	182678977	183060343	2
chr1	182038157	182634389	2
chr1	181773721	181920294	2
chr1	181232403	181585443	2
chr1	180297971	181044276	2
chr1	179749870	180007612	2
chr1	179323790	179679747	2
chr1	178685618	179266474	2
chr1	178242080	178626104	2
chr1	178039763	178149357	2
chr1	177592604	177744529	2
chr1	176599841	177433274	2
chr1	175859006	176471966	2
chr1	173795001	175818351	2
chr1	173066541	173702767	2
chr1	172205419	172247355	2
chr1	171444442	171564415	2
chr1	170681050	170851961	2
chr1	169769945	169898339	2
chr1	169422114	169557952	2
chr1	167391604	168412221	2
chr1	166436014	166647980	2
chr1	166107910	166426367	2
chr1	165036757	165509141	2
chr1	162375835	164995895	2
chr1	161628276	161928455	2
chr1	160849388	161536513	2
chr1	160367999	160796626	2
chr1	160117044	160324189	2
chr1	159111929	159569952	2
chr1	158711829	158914712	2
chr1	240253164	240639596	2
chr1	241492776	241821457	2
chr1	241875896	242045790	2
chr1	242199205	242809297	2
chr1	242850886	243433938	2
chr1	243871772	244942220	2
chr1	245044017	245227383	2
chr1	245514942	245880507	2
chr1	246042625	246602916	2
chr1	246771676	246829302	2
chr1	226753914	227216047	2
chr1	226229355	226753914	2
chr1	224588118	225447538	2
chr1	225684871	225731491	2
chr1	224074028	224350047	2
chr1	223576843	223881811	2
chr1	223432735	223520134	2
chr1	223254506	223375930	2
chr1	222188159	222325948	2
chr1	221804561	221933426	2
chr1	219434134	220652108	2
chr1	219008551	219382190	2
chr1	218197997	218761368	2
chr1	217004397	217636031	2
chr1	215302381	215460647	2
chr1	213187474	214556606	2
chr1	212504826	212644012	2
chr1	212043686	212396591	2
chr1	211770697	212032427	2
chr1	210135082	210876089	2
chr1	209664190	210003744	2
chr1	209453311	209615316	2
chr1	209264040	209397181	2
chr1	209005135	209198478	2
chr1	208801077	208938186	2
chr1	207637191	207959764	2
chr6	154895253	154943401	2
chr6	154314473	154858835	2
chr6	152953376	154090757	2
chr6	152868176	152897512	2
chr6	152447853	152486801	2
chr6	151913981	152273574	2
chr6	151765793	151847880	2
chr6	151254093	151310352	2
chr6	151139363	151207069	2
chr6	150744017	150927176	2
chr6	149762162	149795332	2
chr6	149547815	149581563	2
chr6	149350607	149401349	2
chr6	149056116	149231271	2
chr6	147959903	148831746	2
chr6	147755358	147824820	2
chr6	147471722	147539171	2
chr6	147349984	147436827	2
chr6	146422392	147284337	2
chr6	146041343	146168883	2
chr6	145517925	146003682	2
chr6	145420455	145469042	2
chr6	145227511	145311451	2
chr6	142967586	145118708	2
chr6	142546463	142723333	2
chr6	142158095	142359093	2
chr6	141985329	142000307	2
chr6	141624449	141706437	2
chr6	141169111	141239714	2
chr6	140982791	141129219	2
chr6	140676047	140759461	2
chr6	140504415	140633011	2
chr6	140359782	140462451	2
chr6	139481386	140277585	2
chr6	138854427	139438373	2
chr6	138438524	138809073	2
chr6	137861363	138430279	2
chr6	137527870	137688507	2
chr6	136348156	137351191	2
chr6	136177296	136212171	2
chr6	135547532	136006941	2
chr6	135453912	135503169	2
chr6	134904575	135341733	2
chr6	134455772	134729180	2
chr6	134078650	134441329	2
chr6	133207632	134035876	2
chr6	132967347	133043633	2
chr6	132588958	132877148	2
chr6	132510831	132556691	2
chr6	131614454	132368116	2
chr6	131281328	131334951	2
chr6	130918702	131214258	2
chr6	129669019	130102029	2
chr6	129585489	129621536	2
chr6	128836285	129562266	2
chr6	128536421	128798699	2
chr6	127825735	128326199	2
chr6	127393337	127708264	2
chr6	126073451	127338954	2
chr6	125111560	125483173	2
chr6	124832947	124861241	2
chr6	124398645	124752283	2
chr6	124313741	124372437	2
chr6	123924590	124266957	2
chr6	123745139	123784577	2
chr6	116549010	116923778	2
chr6	115937213	116479598	2
chr6	115446569	115463255	2
chr6	115030925	115139946	2
chr6	114650480	115030925	2
chr6	114433155	114543142	2
chr6	114067828	114312752	2
chr6	112728764	113929984	2
chr6	112420697	112715333	2
chr6	112120425	112376701	2
chr6	111895351	112031636	2
chr6	111817090	111856921	2
chr6	111619027	111774469	2
chr6	107312011	111552551	2
chr6	106800855	107304708	2
chr6	105604222	106510022	2
chr6	105294468	105557305	2
chr6	104769964	104911264	2
chr6	104349153	104716945	2
chr6	104023279	104311517	2
chr6	103802636	103880090	2
chr6	102415024	102499741	2
chr6	102087719	102134412	2
chr6	100740493	101402289	2
chr6	117266976	117556879	2
chr6	117560898	117678640	2
chr6	117713396	118341400	2
chr6	118381384	118425020	2
chr6	118737748	119364695	2
chr6	119409473	119434367	2
chr6	119510980	119552933	2
chr6	119675007	119828698	2
chr6	120164564	120355585	2
chr6	120393678	120636985	2
chr6	121005170	121272144	2
chr6	121300213	121575645	2
chr6	121712480	121785743	2
chr6	122655548	122798219	2
chr2	109065536	109582182	2
chr10	74393308	74628368	2
chr10	73857902	74094661	2
chr10	73501195	73726311	2
chr10	71985432	73097445	2
chr10	71328829	71981795	2
chr10	71175398	71279470	2
chr10	70618296	71126401	2
chr10	69817820	69860662	2
chr10	69456211	69615578	2
chr10	69090094	69284541	2
chr10	67848405	68055798	2
chr10	67445505	67484493	2
chr10	63378500	63461736	2
chr10	62073163	62245774	2
chr10	61933584	62028394	2
chr10	60742047	60838685	2
chr10	59854708	59916988	2
chr10	59592032	59638994	2
chr10	59157498	59417674	2
chr10	59018246	59112845	2
chr10	58806238	58853025	2
chr10	57169848	58189534	2
chr10	56987973	57031930	2
chr10	56156278	56807143	2
chr10	55767058	56134975	2
chr10	55442405	55707785	2
chr22	23395333	23518864	2
chr22	24723934	25031504	2
chr22	24176146	24238737	2
chr21	47573378	47722498	2
chr21	46850952	47518083	2
chr21	46350861	46495351	2
chr19	281180	799463	2
chr19	803545	872121	2
chr19	2982948	4172050	2
chr12	104494611	105740312	2
chr12	105981111	106095333	2
chr12	106095333	106132952	2
chr12	106187296	106338511	2
chr12	106999760	107901821	2
chr12	108050469	108074346	2
chr22	33053857	33301060	2
chr22	33346197	33472414	2
chr12	103289919	104351507	2
chr12	102746513	103239825	2
chr12	102618588	102711217	2
chr12	102339382	102543496	2
chr12	101594980	101910276	2
chr12	101307107	101594980	2
chr12	100496223	100708827	2
chr12	100037849	100194786	2
chr12	99595281	99961781	2
chr12	98986058	99548007	2
chr12	98737714	98984784	2
chr12	98218699	98397976	2
chr12	97411739	97931473	2
chr12	97115752	97376264	2
chr12	96164442	97079315	2
chr12	95369325	96018281	2
chr12	94628069	94668928	2
chr12	94099245	94184782	2
chr12	93596897	93810228	2
chr12	91827268	92488437	2
chr12	91126106	91792536	2
chr12	90727788	91125108	2
chr12	90537896	90569150	2
chr12	88748651	88972884	2
chr12	88693080	88729454	2
chr12	87402200	88663836	2
chr12	86826221	87377482	2
chr12	86486403	86822182	2
chr12	86350172	86444447	2
chr12	85924199	85998901	2
chr12	85447069	85727115	2
chr12	84230493	84991401	2
chr12	83586282	84188480	2
chr12	83186948	83225986	2
chr12	83098300	83141508	2
chr12	82616358	83068923	2
chr12	81660708	82389004	2
chr12	81327899	81539691	2
chr12	80994057	81031299	2
chr12	80170955	80839716	2
chr12	79538930	80002439	2
chr12	78366704	79058961	2
chr12	77949766	78322916	2
chr12	77495470	77527948	2
chr12	77276892	77317854	2
chr12	76991177	77121246	2
chr12	76017306	76058065	2
chr12	75963791	76017242	2
chr12	73670734	75312018	2
chr12	73485209	73604981	2
chr12	72796422	72937925	2
chr12	72570811	72671487	2
chr12	72086371	72527510	2
chr12	71635912	71818740	2
chr12	70987379	71210366	2
chr12	70806559	70944006	2
chr12	70084568	70757137	2
chr12	69966584	70017437	2
chr12	69464183	69655451	2
chr12	69260558	69464183	2
chr12	69017338	69181532	2
chr12	68591504	68872432	2
chr12	68197187	68556864	2
chr12	67795654	67829041	2
chr12	67216939	67356374	2
chr12	67055986	67096147	2
chr12	66025718	66513048	2
chr12	65551096	65601262	2
chr12	64789559	65004322	2
chr12	63460745	63552387	2
chr12	62654886	62986110	2
chr12	62574943	62614289	2
chr12	62383798	62543117	2
chr12	61936558	61989957	2
chr12	61323989	61731728	2
chr12	60650331	60930035	2
chr12	60491163	60650331	2
chr12	59871235	60446246	2
chr12	59514422	59544241	2
chr12	57476916	58567128	2
chr12	57058147	57118491	2
chr12	56196123	56426810	2
chr12	56039974	56080562	2
chr12	55418238	55615664	2
chr22	31095781	31436133	2
chr22	30972334	31046998	2
chr22	30401963	30683670	2
chr7	43906143	44606213	2
chr7	44912824	44996250	2
chr7	45037942	45079190	2
chr7	46044147	46393930	2
chr7	46430762	46531240	2
chr7	46533060	46887616	2
chr7	47305858	48032438	2
chr7	48089563	48785978	2
chr7	48820550	49112206	2
chr7	49151208	49260485	2
chr7	49292288	49537215	2
chr7	49711276	49793978	2
chr7	49950185	49979342	2
chr7	50286705	50479858	2
chr7	50595826	50925436	2
chr7	51003462	51198881	2
chr7	51669411	52178005	2
chr7	52310736	53050019	2
chr7	53151001	53225444	2
chr7	53259210	53279360	2
chr7	54306931	54494053	2
chr2	68273275	68572785	2
chr2	67450004	67691820	2
chr2	67361427	67410623	2
chr2	66339864	67177623	2
chr2	65925159	66219485	2
chr2	65405492	65924914	2
chr2	64928437	64977336	2
chr2	64151212	64800059	2
chr2	63646685	64151212	2
chr2	63093698	63166390	2
chr2	62899747	63043518	2
chr2	62724681	62741369	2
chr2	62495005	62535786	2
chr2	61897044	61953018	2
chr2	61403572	61701502	2
chr2	61250713	61365861	2
chr2	60896046	60936165	2
chr2	60487318	60896046	2
chr2	59289987	60328388	2
chr2	57806318	59268147	2
chr2	57725432	57776977	2
chr2	57149233	57533589	2
chr2	56255154	56306297	2
chr2	56086985	56115991	2
chr2	55830971	56005137	2
chr2	55198163	55600474	2
chr2	53889518	54180332	2
chr5	173026529	173308010	2
chr5	173353615	173538235	2
chr5	171765037	171885180	2
chr5	171294399	171346565	2
chr5	171123595	171251433	2
chr5	170714871	170757182	2
chr5	169871696	170352139	2
chr5	169655990	169834518	2
chr5	168398038	169466072	2
chr5	168308174	168397930	2
chr5	168221149	168266086	2
chr5	167510620	167918548	2
chr5	167370453	167465353	2
chr5	165538995	167333171	2
chr5	164623596	165093771	2
chr5	164551787	164620383	2
chr5	162679747	163728121	2
chr5	162411309	162543289	2
chr5	161750544	162235652	2
chr5	161092084	161168679	2
chr5	159320500	159387509	2
chr5	159175450	159215839	2
chr5	158352508	158602071	2
chr5	158035126	158179736	2
chr5	157589991	157720695	2
chr5	157383354	157555380	2
chr5	156739023	157213571	2
chr5	156501118	156607185	2
chr5	156100510	156501118	2
chr5	155238415	155627641	2
chr5	154792994	155072405	2
chr5	177889503	177943245	2
chr5	131393519	133545161	2
chr5	131340986	131393519	2
chr5	130687375	130928369	2
chr5	150408526	150453967	2
chr5	150681700	150729175	2
chr5	151152312	151249945	2
chr5	151727931	151775400	2
chr5	151931229	152190067	2
chr5	152326850	152419445	2
chr5	152776765	152802256	2
chr5	152958718	153117589	2
chr5	153558327	153654617	2
chr5	153813145	153960145	2
chr5	154210366	154347235	2
chr17	17639711	17701559	2
chr17	17797011	18121810	2
chr17	21153115	21247811	2
chr17	19127600	19658692	2
chr17	15732901	16472951	2
chr17	15234554	15372208	2
chr17	14271339	14412281	2
chr17	14079958	14268181	2
chr17	13365381	13553631	2
chr17	13137326	13169959	2
chr17	13108578	13136404	2
chr17	12706809	12906321	2
chr17	11570354	12653621	2
chr17	11004494	11121684	2
chr17	10902087	10953638	2
chr17	10668355	10871141	2
chr17	10039169	10084353	2
chr17	9666000	9705004	2
chr17	9023956	9075083	2
chr17	8645512	8817764	2
chr17	8559301	8593082	2
chr17	8043458	8080418	2
chr17	7686197	7945814	2
chr17	7443332	7652892	2
chr17	7222433	7417965	2
chr17	6962665	7107615	2
chr17	4817550	4965394	2
chr17	5501030	5790663	2
chr17	5878833	5972988	2
chr17	6135287	6273653	2
chr17	4052760	4270394	2
chr17	3506480	3609897	2
chr17	2593157	2679819	2
chr17	2459196	2512274	2
chr17	2224568	2263727	2
chr17	2025425	2139646	2
chr17	1510405	1933569	2
chr17	1281453	1420397	2
chr17	629408	665494	2
chr17	672891	772745	2
chr17	28692385	28853901	2
chr17	28295585	28410804	2
chr17	27898118	28134585	2
chr17	27534844	27841375	2
chr17	27004645	27395397	2
chr17	26091940	26214991	2
chr17	29378552	29666328	2
chr17	30002135	30209786	2
chr17	30461408	30556434	2
chr17	31943565	32369506	2
chr17	32909429	33205529	2
chr17	33319413	33566043	2
chr17	33874676	33922094	2
chr17	35503069	36084909	2
chr17	35269591	35310248	2
chr17	35031909	35075024	2
chr17	58224858	58259429	2
chr17	58290908	58676683	2
chr17	58819192	58908114	2
chr17	59276626	59821804	2
chr17	59967108	60023179	2
chr17	57908973	58046693	2
chr17	57554571	57600727	2
chr17	57411756	57459292	2
chr17	56597807	56788548	2
chr17	56063423	56122317	2
chr17	55750956	55981704	2
chr17	55475274	55700417	2
chr17	55264280	55442595	2
chr17	54752036	54817772	2
chr17	54060001	54598923	2
chr17	53062833	53592340	2
chr17	52096978	52926110	2
chr17	51117603	51637964	2
chr17	50901319	51023808	2
chr17	50330829	50661173	2
chr17	49972071	50330824	2
chr17	49615419	49673504	2
chr17	49016486	49107694	2
chr17	48148892	48719012	2
chr17	47665618	48148892	2
chr17	47310625	47345427	2
chr17	46672145	47133555	2
chr17	46226619	46672145	2
chr17	45672731	46020663	2
chr17	36489771	36823874	2
chr17	36953400	37010152	2
chr17	37010152	37442102	2
chr17	37548744	37739447	2
chr17	38519593	38572832	2
chr17	39642926	39719904	2
chr17	40052257	43083759	2
chr17	43136203	43180836	2
chr17	43343294	43434897	2
chr17	44990514	45096811	2
chr17	43961030	44247263	2
chr17	45195088	60421592	2
chr17	62177761	62225240	2
chr17	65013138	65245309	2
chr17	64450001	64589770	2
chr17	64345696	64450001	2
chr17	69158694	69401039	2
chr17	69973093	70117490	2
chr17	70338708	70508254	2
chr17	70565886	71204842	2
chr17	71467148	72003677	2
chr17	72039331	72940546	2
chr17	73089666	73279695	2
chr17	73475114	75021227	2
chr17	75072712	75305547	2
chr17	75536505	76074530	2
chr17	77098925	77694622	2
chr17	78179220	78287300	2
chr17	79581490	79639800	2
chr17	79968736	80053918	2
chr17	80315769	80545345	2
chr2	25263364	26360710	2
chr2	22357337	24031303	2
chr2	21956518	22086725	2
chr2	21786637	21824416	2
chr2	21579455	21617505	2
chr2	20981277	21103682	2
chr2	19927224	20926556	2
chr2	19620048	19890690	2
chr2	19423403	19576590	2
chr2	18791291	19423403	2
chr2	18441670	18603418	2
chr2	17023645	18400639	2
chr2	15299159	16563669	2
chr2	15129799	15179729	2
chr2	15058616	15103654	2
chr2	14871804	15024821	2
chr2	14661896	14771752	2
chr2	14317054	14496370	2
chr2	13872170	14202026	2
chr2	13392880	13637928	2
chr2	12842139	13364289	2
chr2	12209857	12716476	2
chr2	11513021	11730384	2
chr2	27745614	27807450	2
chr2	9330317	9354031	2
chr2	9785633	9912856	2
chr2	7516487	7966144	2
chr2	6718814	7516487	2
chr2	5940786	6405776	2
chr2	5342496	5874555	2
chr2	4915795	4964468	2
chr2	3362318	4155282	2
chr2	3076587	3127517	2
chr2	2649144	2858951	2
chr2	1667140	1712132	2
chr2	1256583	1666054	2
chr2	935873	1073365	2
chr2	663816	858071	2
chr2	189218	226706	2
chr7	107655513	107734490	2
chr7	107134506	107427783	2
chr7	106651195	107134506	2
chr7	106238996	106374846	2
chr7	106058730	106238226	2
chr7	19438108	19460783	2
chr7	19142029	19407660	2
chr7	18660761	18797193	2
chr7	18138438	18429521	2
chr7	17913205	18079782	2
chr7	17526720	17696341	2
chr7	17340749	17477557	2
chr7	17054301	17289555	2
chr7	15817651	16617628	2
chr7	15249673	15777253	2
chr7	14791554	15249673	2
chr7	13359877	14300981	2
chr7	13175215	13326263	2
chr7	111840541	111898548	2
chr7	111458280	111656935	2
chr7	111363937	111406697	2
chr7	111043857	111176088	2
chr7	110807193	110836557	2
chr7	110658711	110766520	2
chr7	110467014	110658507	2
chr7	109873324	110063094	2
chr7	109034713	109419893	2
chr7	108750979	108996501	2
chr7	108293055	108672773	2
chr14	25337813	25858320	2
chr14	26014274	26544012	2
chr14	26544012	27081522	2
chr14	27309929	28407510	2
chr14	28568417	28691491	2
chr14	28747675	28832920	2
chr14	29055887	29095486	2
chr14	29435192	29537994	2
chr14	29572453	30109703	2
chr14	30109703	30423826	2
chr14	30494096	30820675	2
chr14	31534666	32391580	2
chr14	32392014	32514829	2
chr14	32662003	33268242	2
chr14	33573745	33661727	2
chr14	33661727	34197867	2
chr14	34278175	34492472	2
chr14	34532514	34729036	2
chr14	35202547	36205239	2
chr14	36603062	36970200	2
chr14	37029712	37073890	2
chr14	37152337	38852911	2
chr14	38895844	38929809	2
chr14	39219801	39367157	2
chr14	39389398	39614701	2
chr14	39913917	41472251	2
chr14	41855896	41922817	2
chr14	42281893	42785059	2
chr14	43155962	43876973	2
chr14	43876973	44232961	2
chr14	44253560	45224923	2
chr14	45706080	45839642	2
chr14	45911088	46070186	2
chr14	46171683	46803011	2
chr14	46837774	47187520	2
chr14	47226614	47726543	2
chr14	47726543	47990386	2
chr14	49175422	50469752	2
chr14	60951463	61105605	2
chr14	61105637	61391258	2
chr14	61441419	61754822	2
chr14	61799489	62723583	2
chr14	62951993	63158213	2
chr14	63354784	63407560	2
chr14	63530869	63629045	2
chr14	63754252	65191640	2
chr14	65410773	65452893	2
chr14	65483542	66059013	2
chr14	66108536	66512796	2
chr14	66770799	67440760	2
chr14	67441195	67711202	2
chr14	67969940	69676898	2
chr14	71190811	71352413	2
chr14	71396015	71773419	2
chr14	71948514	73144956	2
chr14	73235183	73965610	2
chr14	74353063	74411689	2
chr14	74695729	75026445	2
chr14	75164530	75271507	2
chr14	76022335	76184293	2
chr14	77142207	78230146	2
chr14	78295949	78652735	2
chr14	79338818	80539660	2
chr14	80575951	80615185	2
chr14	80867496	81110246	2
chr14	81122507	82376512	2
chr14	82595193	83004912	2
chr14	83156082	83309036	2
chr14	83345810	83593543	2
chr14	83593556	83720981	2
chr14	83759498	83949875	2
chr14	84426839	84715606	2
chr14	85396606	85460089	2
chr14	85625980	87803882	2
chr14	88034059	88282956	2
chr14	88319386	88549879	2
chr14	88629108	90048643	2
chr14	90109092	90241485	2
chr14	90319656	91868231	2
chr14	92243992	92450605	2
chr14	92592351	92843776	2
chr14	92843776	93220945	2
chr14	93479103	93871814	2
chr14	94842852	94887137	2
chr14	95608712	96132538	2
chr14	96690425	98941277	2
chr14	98990526	99193719	2
chr14	99335283	99467236	2
chr14	100104265	100407615	2
chr14	104742125	106242264	2
chr7	20102918	20223294	2
chr7	19997866	20044100	2
chr10	4281211	4878049	2
chr10	4112763	4192372	2
chr10	3274535	4030018	2
chr10	2028168	3247809	2
chr10	1697616	1923977	2
chr10	1586269	1667201	2
chr10	819863	1553432	2
chr1	238935301	239085931	2
chr1	238163288	238702013	2
chr1	237204783	238123032	2
chr1	236889207	237132708	2
chr1	236476746	236840836	2
chr1	236143829	236347818	2
chr1	235897100	236143829	2
chr7	42767123	43605930	2
chr7	42538514	42767123	2
chr7	42307314	42398658	2
chr7	41828524	41872453	2
chr7	41541179	41728366	2
chr7	41275686	41343677	2
chr7	41141095	41231819	2
chr7	41009470	41053899	2
chr7	40438013	40865065	2
chr7	39041882	40316368	2
chr7	38289517	38327383	2
chr7	37785170	37863175	2
chr7	37077222	37597448	2
chr7	36775708	37031501	2
chr7	36523860	36630155	2
chr6	24536820	27052213	2
chr6	23599291	23681717	2
chr6	23389930	23499848	2
chr6	22900048	23186411	2
chr6	22514237	22710089	2
chr6	22287478	22479690	2
chr6	21245415	22105111	2
chr6	20699142	20759028	2
chr6	20312699	20399109	2
chr6	657347	778642	2
chr6	886640	1002040	2
chr6	1042938	2536425	2
chr6	2948245	4215764	2
chr6	4460783	4483054	2
chr6	4516613	5004345	2
chr6	5190045	6361259	2
chr6	6511159	7430248	2
chr6	7537483	7576943	2
chr6	8246599	8545442	2
chr6	8669028	9349659	2
chr6	9450693	9720277	2
chr6	10037440	10152367	2
chr6	10156447	10573836	2
chr6	10613475	11469329	2
chr6	11702769	11779749	2
chr6	11947185	12254900	2
chr6	12298298	12641852	2
chr6	12707802	13146275	2
chr6	13247077	13539023	2
chr6	14393656	14457903	2
chr6	14457903	15589250	2
chr6	15640190	15882067	2
chr6	15931415	16298234	2
chr6	16707100	16951674	2
chr6	16993232	17798459	2
chr6	17854292	18692721	2
chr6	19101021	19172220	2
chr9	96564034	96711324	2
chr9	96208132	96233817	2
chr9	94972375	95848994	2
chr9	91207843	91420704	2
chr9	91581992	92513605	2
chr5	173751353	174174401	2
chr5	174485446	174956964	2
chr5	175014821	175800784	2
chr5	176105777	176501749	2
chr5	134130435	134258194	2
chr5	134407869	135338134	2
chr5	135468469	135744466	2
chr5	135816509	136699127	2
chr5	136897583	136934065	2
chr9	86283878	86749284	2
chr9	86924882	87709782	2
chr9	88553616	90327666	2
chr9	97424178	97460997	2
chr9	97528072	97850980	2
chr9	98132335	98705782	2
chr9	99094337	99154930	2
chr5	7250536	7462230	2
chr5	6701497	7040809	2
chr5	6407045	6445025	2
chr5	6281197	6407045	2
chr5	5751528	5803151	2
chr5	4904759	5491118	2
chr5	2000090	4848549	2
chr5	1777673	1827640	2
chr5	1476199	1707119	2
chr5	191424	1164124	2
chr5	95781142	95822646	2
chr5	95510408	95688177	2
chr5	94840855	94927099	2
chr5	94618220	94733800	2
chr5	94320782	94588864	2
chr5	92900334	93858262	2
chr5	92305235	92442438	2
chr5	91557643	92248990	2
chr5	91438605	91501891	2
chr5	91223490	91424860	2
chr5	90835138	91184135	2
chr5	90335370	90479035	2
chr5	89766991	90100410	2
chr5	89421259	89588136	2
chr5	88468910	89420266	2
chr5	88305932	88385585	2
chr5	86736911	86838864	2
chr5	85898225	85936197	2
chr5	85202477	85543618	2
chr5	81043086	81136138	2
chr5	80395356	80880277	2
chr5	79858849	80384113	2
chr5	79426398	79857855	2
chr5	79294681	79375810	2
chr5	79142917	79260443	2
chr5	78618520	78821411	2
chr5	78508630	78559099	2
chr5	77960064	78411198	2
chr5	75817526	77064838	2
chr5	74796741	74950608	2
chr5	74512539	74734546	2
chr5	73906957	74306602	2
chr5	72847693	73694068	2
chr5	72348445	72472076	2
chr5	72068019	72285644	2
chr5	72020521	72065312	2
chr5	71752157	71850711	2
chr5	71491036	71752157	2
chr5	70282641	70310830	2
chr5	70265556	70310832	2
chr5	68680458	68740138	2
chr5	68211062	68324535	2
chr5	68061899	68186765	2
chr5	66983352	67491902	2
chr5	66853274	66983352	2
chr5	65693945	66011035	2
chr5	64069336	65693894	2
chr5	62718687	62847023	2
chr5	62031486	62684376	2
chr5	61611193	61662767	2
chr5	61278334	61437834	2
chr5	60447770	60957432	2
chr5	59026723	60365913	2
chr5	58831172	58912757	2
chr5	58114798	58345810	2
chr5	57465253	58114798	2
chr5	56387551	57069251	2
chr5	56154506	56239180	2
chr5	55573813	55919080	2
chr5	53961545	54663470	2
chr5	53450428	53818357	2
chr5	53210081	53312364	2
chr5	53160103	53209601	2
chr5	52599437	52711357	2
chr5	52229814	52509432	2
chr5	50964010	52091276	2
chr5	50622178	50849855	2
chr5	50164816	50429268	2
chr5	49616994	49657009	2
chr5	44316407	44518114	2
chr5	44163449	44279359	2
chr3	58132687	58178007	2
chr3	58269331	58302264	2
chr3	58511764	59120955	2
chr3	59139686	59841849	2
chr3	60093739	60310517	2
chr3	60430624	60806366	2
chr3	61288587	61741696	2
chr3	63547752	64009700	2
chr3	24876844	27709103	2
chr3	23146385	24851721	2
chr10	74868186	76081444	2
chr10	76138812	77885788	2
chr10	77939589	78565005	2
chr10	78638573	79986595	2
chr10	81069738	81255443	2
chr3	57444951	57677582	2
chr3	53345228	56823218	2
chr3	15310364	15421209	2
chr10	50986683	51058784	2
chr10	50576650	50616206	2
chr10	86805993	86957202	2
chr10	86744047	86805993	2
chr10	82445661	86317490	2
chr14	52740352	56969285	2
chr14	57726889	57768687	2
chr14	57825586	58629410	2
chr14	20868925	21361737	2
chr14	21420615	22896810	2
chr14	23016241	23546933	2
chr14	23752405	23850572	2
chr14	24182425	24373530	2
chr14	24397714	24751835	2
chr13	22037840	23366320	2
chr13	26083792	26148854	2
chr13	50420876	50489546	2
chr13	50489594	50764482	2
chr13	51421103	51780130	2
chr8	26742533	27253650	2
chr8	25547722	26742464	2
chr8	22866795	24624808	2
chr8	21218528	22805460	2
chr13	45491294	48332122	2
chr13	45408833	45453480	2
chr13	55112308	55158904	2
chr13	55558520	57405986	2
chr13	57424225	57645835	2
chr13	57695763	58195946	2
chr13	58403063	58435155	2
chr13	59073223	59382454	2
chr13	59542653	59899691	2
chr13	59900050	60370635	2
chr13	60707134	60909772	2
chr13	61446034	62875616	2
chr13	62909740	63551563	2
chr13	64404037	64575735	2
chr13	65107458	65284496	2
chr13	66166525	66278505	2
chr13	66430031	67852355	2
chr13	67950992	69020909	2
chr13	69062071	69545675	2
chr13	70603126	71542797	2
chr13	71709529	73435661	2
chr13	73504710	74437530	2
chr13	74873439	75052392	2
chr13	75845373	76534668	2
chr13	78020267	78662602	2
chr13	79465297	79783062	2
chr13	79821451	79895118	2
chr13	80013223	80131577	2
chr13	80516594	81908791	2
chr13	81998520	84713365	2
chr13	84760751	87927059	2
chr13	88164430	90778460	2
chr13	91092261	91215318	2
chr13	91452552	91661250	2
chr13	91702996	92105516	2
chr5	42084761	42284982	2
chr5	41204330	41314867	2
chr5	40676302	40960337	2
chr5	39441726	39986584	2
chr5	39308299	39441726	2
chr5	38460528	38656111	2
chr5	38157672	38325528	2
chr5	36592156	37977100	2
chr5	36407901	36542325	2
chr5	35760065	36068074	2
chr5	35667881	35704397	2
chr5	35561057	35667375	2
chr5	35048395	35371872	2
chr5	33998077	34847430	2
chr5	33324440	33998073	2
chr5	31347354	33276363	2
chr5	30922231	31327683	2
chr5	30547193	30712516	2
chr5	29268534	30521546	2
chr5	27243756	27452011	2
chr5	26838549	26979329	2
chr5	26557887	26606813	2
chr5	25593687	25733822	2
chr5	25293554	25328204	2
chr5	24954341	25069806	2
chr5	24467630	24636328	2
chr5	24404495	24453752	2
chr5	23619314	23885512	2
chr5	22577047	22778294	2
chr5	21701956	21747471	2
chr5	21277525	21419745	2
chr5	20374728	20431053	2
chr5	18725724	19802460	2
chr5	17468128	17776829	2
chr5	16806947	17039780	2
chr5	16459547	16743368	2
chr5	16088698	16383041	2
chr5	15615401	16039563	2
chr5	14531821	14665383	2
chr8	98436364	99148981	2
chr8	99297316	99461080	2
chr8	99502984	100054259	2
chr8	100998475	101302062	2
chr8	101437116	101481625	2
chr8	101706059	102612026	2
chr8	102822785	105575308	2
chr8	105769280	105900867	2
chr8	105900867	106022414	2
chr8	106664221	106922310	2
chr8	107222899	107701934	2
chr8	108059216	108418349	2
chr8	108451567	108759220	2
chr8	108785679	109342407	2
chr8	109477482	109638594	2
chr8	109673803	109865230	2
chr8	110016867	110125024	2
chr8	110173447	110381630	2
chr8	110731963	111141718	2
chr8	111175578	111322648	2
chr8	111424483	111511578	2
chr8	112122374	112359116	2
chr8	112610739	112657433	2
chr8	112740613	112806093	2
chr8	112842859	112953525	2
chr8	114371909	115573773	2
chr8	115587516	115693730	2
chr8	115995526	116691141	2
chr8	116691141	116982747	2
chr8	117049905	117230939	2
chr8	117356433	117397553	2
chr8	118557816	118671440	2
chr8	118671440	118806063	2
chr8	119786379	119897092	2
chr8	120092343	120365012	2
chr8	121133436	121640680	2
chr8	121697911	122272227	2
chr8	122272227	122765543	2
chr8	122814959	122852091	2
chr8	123331801	123528077	2
chr8	123670650	123802829	2
chr8	124122742	124560811	2
chr8	124562727	124603128	2
chr8	124646060	125207657	2
chr8	125266405	125974084	2
chr8	126893891	127505329	2
chr8	127837688	128062104	2
chr8	128111694	128317707	2
chr8	128646881	128797752	2
chr8	129499021	130105445	2
chr8	130113524	130135091	2
chr8	130710002	130929004	2
chr8	131857766	131915704	2
chr8	132032404	132305190	2
chr8	132351251	132480071	2
chr8	132722296	132751583	2
chr8	132873065	132961669	2
chr8	133102759	133130680	2
chr8	133450512	134660854	2
chr8	134867576	136194926	2
chr8	136525842	136843878	2
chr8	137288280	137465019	2
chr8	137572238	137727831	2
chr8	137975500	138534363	2
chr8	138762375	138884135	2
chr8	141710983	142336827	2
chr8	142374551	142507062	2
chr8	142979938	144036068	2
chr8	144940803	145599214	2
chr8	145601449	145737595	2
chr22	35961349	36014969	2
chr22	36271388	36422020	2
chr22	36604424	37394605	2
chr22	37498630	38486993	2
chr22	39110780	39194782	2
chr22	39258187	39282696	2
chr22	39765094	39891268	2
chr22	40151674	40343272	2
chr22	40551920	40732238	2
chr22	40737060	40929358	2
chr22	41237905	41275198	2
chr22	41344211	41486855	2
chr22	42092019	42224983	2
chr22	43411117	43525654	2
chr22	44062554	44206834	2
chr22	44607541	44645796	2
chr22	44815797	45353163	2
chr22	45420122	45586916	2
chr22	46283481	46375117	2
chr22	47423824	47702016	2
chr22	48233743	48420211	2
chr22	48613290	48710216	2
chr22	48932581	49392054	2
chr22	50027539	50856296	2
chr22	51155076	51222180	2
chr12	33531876	33595455	2
chr12	38607140	38676255	2
chr12	38803926	39013548	2
chr12	39074293	39386746	2
chr12	39621026	40115447	2
chr12	40319826	40396506	2
chr12	40650607	40845517	2
chr12	41488403	41783045	2
chr12	41818117	42972442	2
chr12	43031586	43285805	2
chr12	43416781	43459490	2
chr12	44282650	44326054	2
chr12	44662896	45016898	2
chr12	45016898	46770992	2
chr12	46876589	46944968	2
chr12	46999085	47190990	2
chr12	47448056	47484623	2
chr12	47800630	48599336	2
chr12	48731685	49247225	2
chr12	49713670	50444330	2
chr12	51108143	51219358	2
chr12	51591040	51641294	2
chr12	51798659	51910226	2
chr12	51978196	52174715	2
chr12	52174715	52316242	2
chr12	52836458	52896489	2
chr12	53445652	53669739	2
chr12	53759819	54102600	2
chr12	54142519	54659543	2
chr16	3292735	4239097	2
chr16	4239300	8346703	2
chr16	8857852	9028855	2
chr16	9240030	9343915	2
chr16	9746845	10193523	2
chr16	10622539	10678189	2
chr16	11249084	12140387	2
chr16	13169064	13378386	2
chr16	13554715	13933218	2
chr16	14575797	16003662	2
chr8	48839619	49839060	2
chr12	32700609	32776927	2
chr22	21115282	21160480	2
chr22	21257610	21345271	2
chr22	19783526	20849806	2
chr22	19674305	19735937	2
chr22	19316316	19415462	2
chr3	182970630	183114183	2
chr3	183547290	183773672	2
chr3	184128445	187373584	2
chr3	187556733	188018848	2
chr3	188464870	188689595	2
chr3	189015803	189249249	2
chr3	189601336	190530266	2
chr3	190805592	191827277	2
chr3	191859251	191889548	2
chr3	192412847	192449630	2
chr3	192568517	193778197	2
chr3	124563708	124645936	2
chr3	124081485	124275853	2
chr3	123894871	123937244	2
chr3	121464381	121843564	2
chr3	119770243	120943509	2
chr3	118862251	119382704	2
chr3	117496752	118091712	2
chr3	116559488	117356567	2
chr3	114551884	115767343	2
chr3	113873970	114473530	2
chr3	113440347	113589915	2
chr3	113217286	113265864	2
chr3	112250363	112855785	2
chr3	109798063	111138213	2
chr3	109206089	109644556	2
chr3	108831593	109111016	2
chr3	106148669	108055167	2
chr3	105232535	105724925	2
chr3	104510642	104559976	2
chr3	103264968	104352437	2
chr3	102779583	102919260	2
chr3	102251968	102569116	2
chr3	102044182	102183031	2
chr3	101751812	101854779	2
chr3	99392742	101594813	2
chr3	96998213	99247786	2
chr3	96028582	96966930	2
chr3	95565669	95809418	2
chr3	93884406	95032256	2
chr3	88434684	93884176	2
chr3	88046394	88167827	2
chr3	86761928	86842885	2
chr3	83579491	83896429	2
chr3	81481606	82719736	2
chr3	80709685	80829672	2
chr3	80408805	80490465	2
chr3	80124639	80408805	2
chr3	78783097	78930733	2
chr3	78528625	78651967	2
chr3	78199835	78240152	2
chr3	77761906	77801401	2
chr3	77290386	77667825	2
chr3	76889937	77140372	2
chr3	75865701	76240144	2
chr21	15928405	16193876	2
chr21	16375736	16425203	2
chr21	16425203	16997167	2
chr21	17043051	17596063	2
chr21	18518517	18585406	2
chr21	19045641	19331564	2
chr21	19729797	20927691	2
chr21	20963310	21085772	2
chr21	21253687	21388464	2
chr21	21637869	22206122	2
chr21	22528080	22923903	2
chr21	23277214	24352259	2
chr21	24784117	24903324	2
chr21	25031230	25247244	2
chr21	25530150	26048331	2
chr21	30645844	30698478	2
chr21	30698478	31861613	2
chr21	32664314	34027609	2
chr21	34697173	35608900	2
chr21	36114894	37066264	2
chr21	38113968	38595585	2
chr21	38797948	40171310	2
chr21	40245733	40695708	2
chr21	42804355	43346012	2
chr6	155579478	155757798	2
chr6	155855952	156015585	2
chr6	156209162	156283326	2
chr6	156483840	156583581	2
chr6	157149650	157784699	2
chr6	157834273	158284708	2
chr6	158910375	159167472	2
chr6	159722523	160023912	2
chr6	166189723	166786432	2
chr6	161396952	161979181	2
chr6	160115450	160780506	2
chr6	168291217	168445731	2
chr6	168455618	168818700	2
chr6	168870907	169192899	2
chr6	169615220	169719559	2
chr5	97959629	98368426	2
chr5	97906122	97952170	2
chr5	96869261	97699455	2
chr5	96738305	96790191	2
chr5	96273323	96552399	2
chr16	2812127	2918325	2
chr16	1946701	1995635	2
chr16	1662462	1758338	2
chr16	1480840	1607986	2
chr16	919710	1125096	2
chr16	705218	748318	2
chr16	226592	436069	2
chr6	33520163	33823890	2
chr6	33970584	34090375	2
chr6	35541345	36103974	2
chr6	36176505	36596935	2
chr6	36732491	36990154	2
chr6	37044904	37211112	2
chr6	37759175	38129731	2
chr6	38200576	38533318	2
chr6	38883565	38939442	2
chr21	44752609	44791802	2
chr6	31582327	33377644	2
chr6	31321408	31529587	2
chr6	30855782	31240744	2
chr6	30528975	30617700	2
chr6	29856284	29913531	2
chr6	48377289	49618017	2
chr6	47691998	48286330	2
chr6	46821465	46862232	2
chr6	46269789	46821333	2
chr6	46047382	46115058	2
chr6	45813317	45902008	2
chr6	45508158	45778368	2
chr6	45295183	45390245	2
chr6	44618928	44949870	2
chr6	44212767	44563073	2
chr6	44003378	44169175	2
chr6	43832185	43870942	2
chr6	43709837	43790775	2
chr6	43302909	43533502	2
chr6	43063709	43242926	2
chr6	42387381	43016119	2
chr6	39539993	41577743	2
chr3	16417312	16460231	2
chr3	16605844	17716768	2
chr3	17757856	17962472	2
chr3	18085488	18117569	2
chr3	18166722	18222328	2
chr3	18507609	19929621	2
chr2	108904643	108925588	2
chr2	108682043	108798215	2
chr2	107709657	108215680	2
chr2	107449820	107694540	2
chr7	124463865	124499379	2
chr19	4283386	4409862	2
chr19	5032615	5206594	2
chr19	5269566	6857452	2
chr2	125069196	125160885	2
chr2	125444719	125637503	2
chr5	102759314	103111470	2
chr5	103243980	103738215	2
chr5	103773918	103876888	2
chr5	104035094	104114219	2
chr5	104263401	104532191	2
chr5	104801554	104844276	2
chr5	105709643	105809986	2
chr5	106057303	106234618	2
chr5	106258465	106527434	2
chr5	107100676	107642041	2
chr5	107804941	107870180	2
chr5	108318385	108438852	2
chr18	7803550	7850841	2
chr18	7594600	7758418	2
chr18	5623425	7427873	2
chr18	5537485	5581093	2
chr18	4341375	4855582	2
chr18	4132123	4183771	2
chr2	29560780	29596742	2
chr2	29638131	30208914	2
chr2	30325975	30646640	2
chr2	30798400	33373733	2
chr2	33572709	33658636	2
chr2	33710562	33765343	2
chr2	34457939	34642625	2
chr2	34700759	36704219	2
chr2	36848477	38301531	2
chr2	38366125	38472075	2
chr2	38564978	38795979	2
chr2	38841482	39162990	2
chr2	39208036	40495276	2
chr2	40545361	40682424	2
chr2	40789421	41016624	2
chr2	41057552	41397465	2
chr2	41467059	41702845	2
chr2	42781416	42804562	2
chr2	42995760	43725925	2
chr2	43785953	43916727	2
chr2	44054902	44933278	2
chr2	44972500	45300969	2
chr2	45489209	46152845	2
chr2	46426602	46694543	2
chr2	46932830	47631124	2
chr2	47698480	47751425	2
chr2	47931713	48036917	2
chr2	48849471	49406430	2
chr2	49595670	49814056	2
chr2	49856715	49885014	2
chr2	49926862	50226304	2
chr2	50339275	50413722	2
chr2	50728765	50955640	2
chr2	51114336	51395466	2
chr2	51739869	51926946	2
chr2	52299850	52449123	2
chr18	2176280	2437774	2
chr10	31554223	31666769	2
chr10	27747785	28913566	2
chr10	35987066	36192890	2
chr10	35739803	36009593	2
chr18	18724414	18896721	2
chr18	19069317	19181685	2
chr18	19546354	19895353	2
chr18	20050307	20312991	2
chr18	21227693	21268976	2
chr18	21799486	21842398	2
chr18	21894139	22096157	2
chr18	22227757	22550998	2
chr18	22729085	22813523	2
chr18	23242821	24039117	2
chr18	24086300	24164583	2
chr18	24292214	24459077	2
chr18	24551439	24628275	2
chr18	24628275	25039747	2
chr18	25241755	25413763	2
chr18	25556240	25981640	2
chr18	26022104	26121667	2
chr18	26517490	26654846	2
chr18	27038141	27482595	2
chr18	27510220	27570214	2
chr18	27757309	27909550	2
chr18	27959179	28105154	2
chr18	28449396	28475674	2
chr18	28919752	28939397	2
chr18	29254390	29521124	2
chr18	29750940	29852342	2
chr18	30153297	30457232	2
chr18	30696087	31023920	2
chr18	31051459	31295647	2
chr18	31589623	31700899	2
chr18	31730758	32377737	2
chr18	32420740	32723104	2
chr18	32916536	33037436	2
chr18	33257237	34774609	2
chr18	35191860	35406275	2
chr18	35844434	35916513	2
chr18	36254246	36411695	2
chr18	36615373	36697065	2
chr18	36754105	37682929	2
chr18	37961786	38007077	2
chr18	38107869	38364848	2
chr18	39085351	39264019	2
chr18	39572398	41016602	2
chr2	128431612	128475126	2
chr2	128326957	128383585	2
chr2	128183334	128289161	2
chr2	127805407	127828441	2
chr5	110330684	110354840	2
chr5	110556342	110592498	2
chr5	110592498	111039677	2
chr5	111274166	111313170	2
chr5	137733872	137967844	2
chr5	138208387	138477859	2
chr5	139014766	139309691	2
chr5	139583463	139634708	2
chr5	139744388	139862661	2
chr5	139914292	140014924	2
chr5	140250208	140995478	2
chr5	141307156	141384970	2
chr5	141856573	142037961	2
chr5	142884453	143135505	2
chr5	143268940	144248580	2
chr5	144547124	144579862	2
chr5	145553238	145650072	2
chr5	145701905	145887722	2
chr5	145887722	146295843	2
chr5	146689668	146724325	2
chr5	112439080	112620543	2
chr5	112658980	113515019	2
chr5	113563872	113633397	2
chr5	113711428	113834908	2
chr5	113907928	114392391	2
chr5	114469556	114611966	2
chr5	114887614	116380530	2
chr5	116380530	116422974	2
chr5	116713049	116738382	2
chr5	116893629	116932471	2
chr5	117172209	117259641	2
chr5	117073008	117130268	2
chr5	118174425	118281771	2
chr5	118639632	118907138	2
chr5	119202522	119375576	2
chr5	119815588	119963890	2
chr5	120707717	121087052	2
chr5	121087058	122009357	2
chr5	122052876	122154172	2
chr5	122562781	122694631	2
chr5	123058125	123782615	2
chr5	124847237	125150440	2
chr5	125301465	125932553	2
chr5	126203750	126293412	2
chr5	126369353	126745054	2
chr5	126964780	127194523	2
chr5	127597585	128263780	2
chr5	128727935	128989363	2
chr5	129021751	129072628	2
chr5	129156176	129189877	2
chr5	129869802	130092271	2
chr5	130176558	130315014	2
chr5	149927721	150163773	2
chr5	149616301	149662160	2
chr5	149233614	149616301	2
chr5	149013783	149092764	2
chr5	148213438	148716612	2
chr18	10944326	10995906	2
chr18	11377147	11408337	2
chr18	54305885	54354847	2
chr18	54528211	54957893	2
chr18	55363236	55407283	2
chr18	55639399	55716339	2
chr18	55890397	56713217	2
chr18	56934291	57198186	2
chr18	58030617	58059536	2
chr18	11656842	11912275	2
chr18	13015378	13374923	2
chr18	13420434	13715663	2
chr18	53759176	54244819	2
chr18	52356601	52496762	2
chr18	51696354	51859895	2
chr18	51453060	51620845	2
chr18	51326140	51392539	2
chr18	50878761	51189812	2
chr18	50540092	50628484	2
chr18	48994116	50177400	2
chr18	48677873	48872689	2
chr18	48409351	48665547	2
chr18	47808655	47966603	2
chr18	47708198	47808304	2
chr18	47123362	47350674	2
chr18	46666492	46994876	2
chr18	46070331	46666492	2
chr18	45488790	45670160	2
chr18	45036394	45440632	2
chr18	44739636	44842685	2
chr18	44583917	44632324	2
chr18	44383970	44520154	2
chr18	43784343	44002029	2
chr18	43548895	43784305	2
chr18	43350329	43503052	2
chr18	42943376	42969036	2
chr18	42403651	42697468	2
chr18	41755887	42116052	2
chr18	41355176	41668571	2
chr18	77140916	77359752	2
chr18	76445542	76883194	2
chr18	74561334	76266838	2
chr18	74348009	74484162	2
chr18	70238973	70254327	2
chr18	69967618	70003719	2
chr18	68330174	69810688	2
chr18	68129398	68244778	2
chr18	67916600	67999258	2
chr18	67733056	67795211	2
chr18	66956397	67156225	2
chr18	66685483	66927733	2
chr11	66065694	68240377	2
chr11	65147486	65591404	2
chr11	64303012	65034760	2
chr11	63948310	64159562	2
chr11	63136883	63667726	2
chr11	62517676	62567364	2
chr11	62104762	62461197	2
chr11	59538923	61906436	2
chr11	59203423	59260055	2
chr11	58290570	58985059	2
chr9	82025502	82779146	2
chr9	81406457	81969498	2
chr9	80111587	81348832	2
chr9	79413420	79815480	2
chr9	78279958	79246295	2
chr9	78089736	78170542	2
chr9	76039455	77378427	2
chr9	74796239	75822947	2
chr9	72661647	74698139	2
chr9	70842689	72622637	2
chr9	593787	865640	2
chr9	1118083	2214550	2
chr9	3857841	4372536	2
chr9	4551936	4912752	2
chr10	53638712	54157753	2
chr10	53155255	53289583	2
chr10	52895250	52935777	2
chr10	52503458	52630762	2
chr10	52363317	52409484	2
chr10	89882328	90266370	2
chr10	90408996	90973179	2
chr10	90973306	92550387	2
chr10	92606759	92744416	2
chr10	93901804	96750485	2
chr10	100710253	100828515	2
chr10	101034748	101678772	2
chr10	101921163	102100967	2
chr10	102161071	102514365	2
chr10	102649373	102727902	2
chr10	103810279	105415584	2
chr10	105519288	105564855	2
chr10	105862449	106124291	2
chr10	106299199	106383369	2
chr10	106455427	106502201	2
chr10	106752533	107190317	2
chr10	107296234	107942148	2
chr10	108091297	108434532	2
chr10	108474757	108967146	2
chr10	109176915	109337971	2
chr10	109672445	110014478	2
chr10	110279897	110342677	2
chr10	110763519	111773531	2
chr10	113288957	113565968	2
chr10	113732667	113953746	2
chr10	114247987	115197993	2
chr10	115246079	115787972	2
chr10	116047776	117505101	2
chr10	117548168	118079851	2
chr10	118466380	118809080	2
chr10	118826690	119138585	2
chr10	119768105	119809388	2
chr10	120619055	121081277	2
chr10	14914819	15453402	2
chr10	14777046	14863952	2
chr10	14495493	14582591	2
chr10	14301204	14396544	2
chr10	14210625	14301204	2
chr10	12965280	13234138	2
chr10	12852604	12931298	2
chr10	11747331	12633690	2
chr10	11246634	11697814	2
chr10	10897491	11082945	2
chr10	10031454	10842746	2
chr10	9511480	9568960	2
chr10	8332374	9155827	2
chr10	6269932	8176518	2
chr10	5957440	6143057	2
chr10	5915451	5957440	2
chr10	15469948	15541224	2
chr10	15653840	15738002	2
chr10	15738002	15877530	2
chr10	16118591	16695612	2
chr10	17198595	17591763	2
chr10	17609276	19144236	2
chr10	19265345	19909992	2
chr10	23418029	23580904	2
chr10	23752461	23895803	2
chr10	23924563	24285650	2
chr10	24496608	24644374	2
chr10	24781457	24907204	2
chr10	25290614	25507694	2
chr10	25867539	25940985	2
chr10	26468547	27081549	2
chr9	140562496	140867833	2
chr9	140386538	140493053	2
chr9	139017614	139248798	2
chr9	139298465	139621343	2
chr9	136525674	137495679	2
chr9	137509927	138062833	2
chr9	134824371	135230642	2
chr9	131290980	131337738	2
chr9	131595371	131721431	2
chr9	131769833	132182200	2
chr9	132400712	132553559	2
chr9	133482669	133516173	2
chr9	133738124	133790224	2
chr9	130600072	131059671	2
chr9	130513884	130556367	2
chr9	130296391	130343538	2
chr9	129571422	129716093	2
chr9	129256582	129524075	2
chr9	128637598	128767466	2
chr9	128294592	128590609	2
chr9	124040165	124312806	2
chr9	124312901	124574094	2
chr9	124708382	124801298	2
chr9	124896734	125170302	2
chr9	125390631	125484364	2
chr9	126075319	126330049	2
chr9	126539535	127010565	2
chr9	127157410	127702224	2
chr9	127702224	127962021	2
chr2	140271573	140565881	2
chr2	140780954	142060342	2
chr2	142634043	142794018	2
chr2	143103369	143128615	2
chr2	143204382	143277783	2
chr2	143678802	143884402	2
chr2	144110292	144442166	2
chr2	144566724	145099215	2
chr2	145678732	145991011	2
chr2	146319016	146427270	2
chr2	146486105	146748674	2
chr2	146748678	146784536	2
chr2	147683501	147818104	2
chr2	148108786	148161528	2
chr2	148248784	148359716	2
chr2	148574500	148734227	2
chr2	149114328	149233945	2
chr2	149264052	149288601	2
chr2	149985947	151666924	2
chr2	151702901	152205940	2
chr2	153860574	153926979	2
chr2	154055194	155050899	2
chr2	155302510	156068412	2
chr2	156069132	156565631	2
chr2	156931662	156958883	2
chr2	156972510	157758844	2
chr2	158156950	158554199	2
chr2	159814272	160556335	2
chr2	160652419	160697486	2
chr2	162467057	162476719	2
chr2	162629296	162958790	2
chr2	163170296	163544547	2
chr2	163544547	163785103	2
chr2	163956897	164292984	2
chr2	164795952	164971259	2
chr2	165007470	165310318	2
chr2	165608030	166464904	2
chr2	166974963	167053792	2
chr2	167199290	167336462	2
chr2	167374633	167556523	2
chr2	168038877	168074351	2
chr2	168809320	172649997	2
chr2	172649997	172746290	2
chr2	172794761	172895451	2
chr2	173428009	173588353	2
chr2	174085831	174381188	2
chr2	174441610	174882852	2
chr2	174968004	175160237	2
chr2	175541443	175567355	2
chr2	175650236	176111450	2
chr2	176246076	176603689	2
chr2	176712075	176874914	2
chr2	177232657	177485073	2
chr2	177607426	177932719	2
chr2	178138013	178216755	2
chr2	178558393	178598910	2
chr2	178649953	178747291	2
chr2	178922002	178974138	2
chr2	179124909	179210808	2
chr2	179210808	179580607	2
chr2	179688180	180223735	2
chr2	180338956	180503284	2
chr2	180747906	180916607	2
chr2	181172197	182207462	2
chr2	182615662	182806818	2
chr2	182928708	183771215	2
chr2	183927792	184350267	2
chr2	184416535	184634669	2
chr2	184938470	185029565	2
chr2	185678863	185881666	2
chr2	185981308	186030238	2
chr2	186035365	186119069	2
chr2	186296404	187111922	2
chr11	56911640	57334205	2
chr11	56696052	56869564	2
chr11	56518318	56559784	2
chr11	56400672	56468288	2
chr11	48029290	48601893	2
chr11	47273265	47419722	2
chr11	47094707	47146240	2
chr11	46577359	46625615	2
chr11	46091080	46416866	2
chr11	45111320	45359701	2
chr11	44824625	45004553	2
chr11	44145577	44283745	2
chr11	42662541	42833876	2
chr11	41942747	42528549	2
chr11	40129422	40261943	2
chr11	39441619	39493316	2
chr11	38866320	39144780	2
chr11	38595520	38675522	2
chr11	38566156	38595519	2
chr11	37363260	37565763	2
chr11	36985173	37113953	2
chr11	36870984	36926113	2
chr11	36396138	36439289	2
chr11	35651895	36187257	2
chr11	34420400	35580573	2
chr11	33941737	34419082	2
chr11	33543336	33901612	2
chr11	33132978	33297410	2
chr11	32576686	32996933	2
chr11	31907949	32056184	2
chr11	31552034	31786137	2
chr11	30675852	30715466	2
chr11	30620251	30672594	2
chr11	29724691	30541447	2
chr11	29634731	29674516	2
chr11	29225145	29610959	2
chr11	28898574	29196663	2
chr11	28762387	28877788	2
chr11	28415134	28548908	2
chr11	28079245	28130663	2
chr11	27684736	27877152	2
chr11	26930712	27363103	2
chr11	26466833	26595471	2
chr15	102341703	102370095	2
chr15	34243382	34416627	2
chr15	33261957	33726967	2
chr15	33056158	33225710	2
chr15	32906986	32963464	2
chr15	35142708	35702103	2
chr15	35909901	37567332	2
chr15	39284677	39581561	2
chr15	39686044	40429658	2
chr15	40609529	40802280	2
chr15	40802280	41151529	2
chr15	41192687	43771835	2
chr15	43808538	44089958	2
chr15	44116551	45273144	2
chr15	45354155	45631761	2
chr15	46086207	46675157	2
chr15	46717076	46903570	2
chr15	47206580	47292704	2
chr15	47584016	47736703	2
chr15	47736703	47855201	2
chr15	48014472	48321128	2
chr15	48630746	51207739	2
chr2	96770853	97000018	2
chr20	3050303	3216415	2
chr20	3977386	4056226	2
chr20	4132367	4834942	2
chr20	4893646	4993373	2
chr20	5691137	6156991	2
chr20	6207382	6272896	2
chr20	6330061	6489220	2
chr20	6639574	6852771	2
chr20	6934349	7027012	2
chr20	7250281	8631753	2
chr20	11916089	13180262	2
chr20	13254271	13437540	2
chr20	13711752	14345480	2
chr20	15189120	15314808	2
chr20	15483329	15771627	2
chr20	16105816	16169228	2
chr20	16414794	16443268	2
chr20	16667452	17607577	2
chr20	17819823	18040661	2
chr20	18375130	18653489	2
chr20	18780667	19008680	2
chr20	19400210	19454969	2
chr20	19531135	19569769	2
chr20	19746563	21580146	2
chr20	21844293	22211919	2
chr20	22358222	22561344	2
chr20	22672463	22885169	2
chr20	22928046	23023550	2
chr20	23244612	23344075	2
chr20	23390206	23426408	2
chr20	23430595	24718315	2
chr20	24923669	25399374	2
chr20	701853	1071857	2
chr20	461672	499091	2
chr20	30232106	30280190	2
chr20	30698418	31255956	2
chr20	31647472	31769255	2
chr20	31933293	31976137	2
chr20	32494623	32639369	2
chr20	32827707	32900369	2
chr20	33113671	33215286	2
chr20	36636213	37547796	2
chr20	37702588	38150242	2
chr20	38192580	38294042	2
chr20	38594674	38987385	2
chr20	38987398	39036550	2
chr20	39218425	40902281	2
chr20	41013591	41059003	2
chr20	41198718	41755076	2
chr20	41944287	43441784	2
chr20	43490244	43559135	2
chr20	43605373	45920798	2
chr20	46372454	48903072	2
chr20	48955048	49176686	2
chr20	50873629	51343119	2
chr20	51463490	51510203	2
chr20	51510203	51776432	2
chr20	51826384	52006221	2
chr20	52578954	53861125	2
chr20	53861125	54145711	2
chr20	54236518	54397460	2
chr20	54660557	56489238	2
chr20	56787708	56911475	2
chr20	57107792	57506991	2
chr20	57585587	57806565	2
chr20	57837829	58056214	2
chr20	58148092	58314264	2
chr20	58373575	58599006	2
chr20	58875552	59424620	2
chr20	59580044	59938794	2
chr20	60235391	60508272	2
chr20	60930528	61003939	2
chr20	61761615	62342088	2
chr20	62771487	62907591	2
chr8	76295163	76598097	2
chr8	76641143	77143699	2
chr8	77150176	77533318	2
chr8	77653024	77799007	2
chr8	78049146	78087108	2
chr8	78289718	78578563	2
chr8	79032224	79220971	2
chr8	79225377	79323093	2
chr8	79364284	79423585	2
chr8	79481070	79842055	2
chr8	79962807	80230807	2
chr8	80365804	80376105	2
chr8	80532256	80742243	2
chr8	80742243	81078825	2
chr8	81230408	81275448	2
chr8	81430682	81501192	2
chr8	81779176	82062754	2
chr8	82152628	82376306	2
chr8	83034785	83760167	2
chr8	84011821	84157001	2
chr8	84179337	84583639	2
chr8	84660970	84677363	2
chr8	84941319	85025054	2
chr8	86116208	86277881	2
chr8	64226407	64518600	2
chr8	64546632	64938709	2
chr8	65435430	65741591	2
chr8	65889635	66135740	2
chr8	66173122	66430106	2
chr8	66472625	66549268	2
chr8	66622115	66695004	2
chr8	66742756	66769717	2
chr8	66822297	66930048	2
chr3	148603753	148763730	2
chr3	177364918	178104926	2
chr3	176688329	177114621	2
chr3	172649478	176666903	2
chr3	171675194	172616410	2
chr3	171490929	171625737	2
chr3	171222890	171458697	2
chr3	167895453	168108981	2
chr3	168202447	168425266	2
chr3	168462220	168873037	2
chr3	168908470	168953667	2
chr3	169074379	169411555	2
chr3	169478803	169713111	2
chr3	169759561	170427175	2
chr3	178598687	178681218	2
chr3	179114912	179174274	2
chr3	179229524	179423517	2
chr3	179458445	180858647	2
chr3	180921122	181009494	2
chr3	181149034	181207727	2
chr3	181277671	181705521	2
chr3	181752794	182159029	2
chr3	182226887	182404639	2
chr4	122242387	122560881	2
chr4	122800709	124957471	2
chr4	125141981	125223291	2
chr4	125330633	126700525	2
chr4	126729114	127205024	2
chr4	127346644	127434858	2
chr4	127491214	128275362	2
chr4	128314592	129308889	2
chr4	129382751	129535351	2
chr4	129816333	130095435	2
chr4	130186281	130655298	2
chr4	130826959	130945601	2
chr4	131096718	131222705	2
chr4	131344909	132042141	2
chr4	132096125	132154723	2
chr4	132849427	133461471	2
chr4	133599213	134371877	2
chr4	134498029	136475525	2
chr4	136475555	136601328	2
chr4	136723418	136870785	2
chr4	137059188	137077378	2
chr4	137347841	137673607	2
chr4	137836453	138047615	2
chr4	138166753	138232485	2
chr4	138431735	138452456	2
chr4	138591312	138636936	2
chr4	139676003	139787213	2
chr4	140614168	140710542	2
chr13	40536924	40775016	2
chr13	40113834	40535982	2
chr13	38874025	40076086	2
chr13	38254609	38355588	2
chr13	36613439	37305853	2
chr13	36308046	36551438	2
chr13	34487793	34542821	2
chr3	150014573	150495735	2
chr3	150498347	150637196	2
chr3	151722361	151747944	2
chr3	151783332	152463167	2
chr3	153813572	154578545	2
chr3	154675237	154701107	2
chr3	155760481	156046949	2
chr3	156231950	156810714	2
chr3	156838448	157120085	2
chr3	157320735	157514344	2
chr3	157936259	157991239	2
chr3	158163516	159202581	2
chr3	159202581	159340935	2
chr3	159625329	159881212	2
chr3	160272333	160472443	2
chr3	160520594	160596747	2
chr3	160790109	160819768	2
chr3	161049517	161227180	2
chr3	161844313	161896955	2
chr3	162252727	162594977	2
chr3	163255077	163590884	2
chr3	163907835	163943146	2
chr3	164075818	164102680	2
chr3	164338819	165561250	2
chr3	165867765	165902694	2
chr3	166180724	166203434	2
chr3	166286045	166956113	2
chr3	167239491	167293286	2
chr3	167367589	167599251	2
chr4	162010030	162581438	2
chr4	161660238	161857219	2
chr4	160953963	161236019	2
chr4	160803230	160892966	2
chr4	160461465	160505336	2
chr4	157594564	157758682	2
chr4	156430806	157545317	2
chr4	156124435	156152128	2
chr4	155600166	155971396	2
chr4	155420729	155499185	2
chr4	154315998	155053840	2
chr4	153690197	153727930	2
chr4	153369879	153472381	2
chr4	153192849	153229006	2
chr4	152730356	152994269	2
chr4	151165746	151569970	2
chr1	155251962	155347228	2
chr1	155058627	155249631	2
chr1	154599333	154929041	2
chr1	153784400	153946976	2
chr1	153598976	153643613	2
chr1	153302477	153565709	2
chr1	153250520	153285515	2
chr1	152926759	153044924	2
chr1	152334180	152753190	2
chr1	151814326	151887602	2
chr1	151739879	151781295	2
chr1	151236452	151739879	2
chr1	150768660	150984226	2
chr1	150377739	150502655	2
chr1	149734071	149915863	2
chr1	145471657	145554989	2
chr1	146012400	146917844	2
chr1	120315260	120588041	2
chr1	120143879	120283430	2
chr1	119786353	120057468	2
chr1	119385200	119753507	2
chr1	118207623	118336533	2
chr1	117783089	117839563	2
chr1	116884632	117311502	2
chr1	116534558	116842508	2
chr1	116281502	116316587	2
chr1	115654927	115770275	2
chr1	113999674	114631163	2
chr1	113952274	113994835	2
chr1	113646593	113917238	2
chr1	111852627	111894234	2
chr1	111856935	111863200	2
chr1	111658744	111713627	2
chr1	111340745	111413029	2
chr1	104159852	104262573	2
chr1	104003115	104083979	2
chr1	101973424	102296393	2
chr1	101670349	101931625	2
chr1	101229059	101670349	2
chr1	100037754	100234922	2
chr1	99843612	100014828	2
chr1	99230996	99566991	2
chr1	98705633	98900990	2
chr1	98489944	98663527	2
chr1	98345926	98454583	2
chr1	98193025	98235416	2
chr1	98004846	98134781	2
chr1	97473897	97970891	2
chr1	97002011	97384774	2
chr1	96797369	96820374	2
chr1	96525575	96630542	2
chr1	96117103	96143007	2
chr1	94151081	95781256	2
chr1	93916432	93969851	2
chr4	118586827	120151411	2
chr4	118397413	118528645	2
chr4	117997432	118154307	2
chr4	116277553	117128716	2
chr4	115982961	116254141	2
chr4	115606736	115887790	2
chr4	114562178	114608407	2
chr4	113942478	114286092	2
chr4	113460642	113670033	2
chr4	112375870	112684269	2
chr4	111864303	112297396	2
chr4	111541310	111861567	2
chr4	110682030	110753577	2
chr4	110228871	110681912	2
chr4	109754173	109932382	2
chr4	108141568	108976597	2
chr4	107900516	107946467	2
chr4	106494550	107268946	2
chr4	106291917	106454192	2
chr4	105623363	106291915	2
chr4	104579268	105600525	2
chr4	104057180	104249853	2
chr4	103548668	103793194	2
chr4	103456867	103499908	2
chr4	103046396	103274298	2
chr4	102139697	102992694	2
chr4	101629230	102095747	2
chr4	101229731	101591917	2
chr4	99631994	101072271	2
chr4	99306900	99399930	2
chr4	99000858	99086402	2
chr4	98603725	98764324	2
chr4	96156414	96904061	2
chr4	95723128	96006667	2
chr4	95405258	95665425	2
chr1	88791526	89132634	2
chr1	88683771	88791117	2
chr1	88480324	88576115	2
chr1	87904618	88442745	2
chr1	87586990	87820587	2
chr1	87300227	87548273	2
chr1	87108565	87121665	2
chr1	87009593	87038456	2
chr1	86468918	86836657	2
chr1	86269400	86468918	2
chr1	85811758	85997381	2
chr1	84680907	84843582	2
chr1	84231862	84459869	2
chr1	83416664	84079299	2
chr1	82095210	83301323	2
chr1	82052935	82095210	2
chr1	81682927	81929215	2
chr1	81116213	81615730	2
chr1	79781067	80021358	2
chr1	78433825	79128135	2
chr1	78323423	78371005	2
chr1	74438115	74797785	2
chr1	74271071	74424846	2
chr1	72004920	74228500	2
chr1	70576086	71942409	2
chr1	70140433	70487213	2
chr1	69593467	70020806	2
chr1	69300955	69441629	2
chr1	69098634	69262521	2
chr1	68817158	68903387	2
chr8	56844630	56858933	2
chr8	56656754	56708306	2
chr8	56750405	56926745	2
chr8	57137351	58774147	2
chr8	59185089	59225846	2
chr8	59307561	59324916	2
chr8	59435094	59456888	2
chr8	59985131	60712764	2
chr8	60741987	61027238	2
chr8	61268859	61615899	2
chr8	61655358	61701544	2
chr8	61824413	62023357	2
chr8	62026495	62204148	2
chr8	96741972	96776837	2
chr8	96460429	96538295	2
chr8	95497288	95740526	2
chr8	94766998	95005615	2
chr8	91065888	91265197	2
chr8	88989527	90823345	2
chr8	88517274	88702718	2
chr8	88324756	88505446	2
chr8	87055892	87933520	2
chr8	62693492	62747075	2
chr6	99849943	99941996	2
chr6	99776865	99805339	2
chr6	99162176	99396940	2
chr6	99059544	99160108	2
chr6	98502676	98706484	2
chr6	98046460	98296311	2
chr6	97984009	98025072	2
chr6	97304574	97806079	2
chr6	96683215	97290823	2
chr6	96456603	96557460	2
chr6	96250159	96360278	2
chr6	95860293	96205950	2
chr6	94232447	94361293	2
chr6	93071585	94201552	2
chr6	92893721	93067092	2
chr6	91941968	92757179	2
chr6	91393044	91509943	2
chr6	91311555	91355889	2
chr6	90782352	91177396	2
chr6	88770945	89071756	2
chr6	88496158	88660760	2
chr6	88427244	88445054	2
chr6	87922170	87964038	2
chr9	27347319	27434111	2
chr9	27434111	27689176	2
chr9	27841412	28333850	2
chr9	28370352	28400719	2
chr9	28737907	28782346	2
chr9	28868302	29022202	2
chr9	31081025	31111094	2
chr9	31222423	31337024	2
chr9	31482686	31501577	2
chr9	31680892	31722958	2
chr9	31999323	32032688	2
chr9	32075659	32208326	2
chr9	32932474	33349010	2
chr9	34021285	34668184	2
chr9	34577409	34729632	2
chr9	35099388	35169786	2
chr9	35256730	35320419	2
chr9	35320419	35406702	2
chr9	36030311	36249931	2
chr9	36317950	36511864	2
chr9	36787681	37590933	2
chr9	100136731	101587951	2
chr9	101976482	103108030	2
chr9	103237682	103286849	2
chr9	103343775	103733565	2
chr9	103843070	104095782	2
chr9	104442797	104547587	2
chr9	104613820	104675184	2
chr9	104837476	104905068	2
chr9	105246173	105382296	2
chr9	105566445	105716722	2
chr9	105845566	105888554	2
chr9	106146191	106772935	2
chr9	106987948	107539162	2
chr9	107994374	108538860	2
chr9	108777944	108864845	2
chr9	108983965	109095425	2
chr9	109320138	109705181	2
chr9	109705181	110422558	2
chr9	110899991	112437965	2
chr9	112438117	113276984	2
chr9	114361975	114477047	2
chr9	114542508	115729384	2
chr9	115717784	115724417	2
chr9	115897994	116050309	2
chr9	116262746	117169662	2
chr9	117222481	117593307	2
chr9	117852264	117889512	2
chr9	118014197	118070660	2
chr9	118070660	118458447	2
chr9	118800142	118878158	2
chr9	119577279	119724121	2
chr9	120083251	120151106	2
chr9	120187972	120236133	2
chr9	120864690	121243086	2
chr9	83009771	83313533	2
chr9	83448760	83541052	2
chr9	84863073	84955753	2
chr9	85133160	85463053	2
chr9	85624756	85678673	2
chr9	85856853	86154717	2
chr9	7341057	7834653	2
chr9	7993084	9613025	2
chr9	9708866	9908199	2
chr9	10332107	10996236	2
chr9	11034024	11183072	2
chr9	12185502	13267450	2
chr9	13418650	13849207	2
chr9	14151019	14609621	2
chr9	14703162	14747818	2
chr9	15109988	15486742	2
chr9	16605079	16645465	2
chr9	16645465	16825366	2
chr9	16987428	17173617	2
chr9	17601842	17760111	2
chr9	17760121	18414741	2
chr9	18450868	19233485	2
chr9	19958136	19999473	2
chr9	20185068	20227746	2
chr9	20365824	20786452	2
chr9	20899160	20943622	2
chr9	20979145	21339052	2
chr9	21605213	22456572	2
chr9	22604270	22705462	2
chr9	22905249	22993232	2
chr9	23071769	23205310	2
chr9	23334641	23823199	2
chr9	24027115	25333238	2
chr9	25378644	25414469	2
chr9	25414469	26822992	2
chr9	27152711	27300706	2
chr1	59384543	60144741	2
chr1	60195184	61231704	2
chr1	61287876	61543680	2
chr1	61585254	63041716	2
chr1	63082946	63591582	2
chr1	63818053	64281077	2
chr1	64377632	64602659	2
chr1	65085013	65453947	2
chr1	65509930	65886035	2
chr1	65952974	66107891	2
chr1	66449635	66492683	2
chr1	66536535	66905064	2
chr1	58494866	58691980	2
chr1	57846399	57973717	2
chr1	57130234	57529459	2
chr1	56941195	57094305	2
chr1	56277759	56519844	2
chr1	55471993	56153719	2
chr1	54102312	54578435	2
chr1	53692607	53788073	2
chr1	52859093	53074653	2
chr1	51918795	52633644	2
chr1	51171627	51880507	2
chr1	50808275	50909867	2
chr1	50676079	50783199	2
chr1	49387386	49581740	2
chr1	48419416	48590126	2
chr1	48246571	48290130	2
chr1	48063949	48112788	2
chr1	47675976	47729417	2
chr1	46488090	46656808	2
chr1	45612948	45671966	2
chr1	45241040	45525941	2
chr1	45069023	45156024	2
chr1	44813040	44850430	2
chr1	42521352	43824428	2
chr1	42408236	42472978	2
chr1	41759139	42218980	2
chr1	40430122	40524601	2
chr1	39701981	40328265	2
chr1	39452164	39701981	2
chr1	39071836	39341440	2
chr1	38003402	38494763	2
chr1	36063433	37226681	2
chr1	35846333	35877994	2
chr1	35373242	35763326	2
chr1	34131009	34222313	2
chr1	33953736	33998486	2
chr1	33610281	33879410	2
chr1	32654823	32802552	2
chr1	32423640	32573542	2
chr1	32345762	32423640	2
chr1	31728543	32221602	2
chr1	31437493	31728543	2
chr1	30154338	31052506	2
chr1	29274422	29341322	2
chr1	27461842	29274422	2
chr1	27022313	27397994	2
chr1	25357190	25839859	2
chr1	24615478	24666762	2
chr1	23875976	24573649	2
chr1	22680775	23835013	2
chr1	21502578	22424495	2
chr1	21224034	21281338	2
chr1	20794066	20927902	2
chr1	20470003	20739732	2
chr1	19474424	19944601	2
chr1	19057932	19213026	2
chr1	16259847	16375859	2
chr1	14349409	15996082	2
chr1	14214854	14311384	2
chr1	13874190	13930452	2
chr1	13632314	13815686	2
chr1	12752121	12805904	2
chr1	11942354	12051661	2
chr1	11192310	11477648	2
chr1	10759928	10934143	2
chr1	10581413	10716904	2
chr1	9598237	10230347	2
chr1	7687307	8045448	2
chr1	7046057	7252933	2
chr1	4842544	6453970	2
chr1	1147384	4331152	2
chr7	92604416	92686489	2
chr7	91774081	92567196	2
chr7	91201905	91521029	2
chr7	90848680	91033485	2
chr7	90415708	90795858	2
chr7	89780950	89856112	2
chr7	89595596	89609397	2
chr7	89353827	89557819	2
chr7	88020091	88937501	2
chr7	87786450	87872240	2
chr7	86133128	86678364	2
chr7	85536130	86128684	2
chr7	84846155	85332899	2
chr7	84523668	84844405	2
chr7	82743876	84132197	2
chr7	81839105	82334352	2
chr7	80043424	81576057	2
chr7	79417050	79826068	2
chr7	78315175	78956164	2
chr7	77989622	78016508	2
chr7	77659080	77943673	2
chr7	77055822	77126491	2
chr7	102936931	103018265	2
chr7	103560621	104479816	2
chr7	104575710	105070963	2
chr7	23083692	23179284	2
chr7	150629234	151462836	2
chr7	151614868	152629885	2
chr7	152755301	152945919	2
chr7	153418922	153454450	2
chr7	153696005	153871490	2
chr7	154386198	155161842	2
chr7	155285191	156476914	2
chr2	26394144	26817840	2
chr2	26856402	27414718	2
chr2	27442954	27788566	2
chr2	28113245	28390737	2
chr2	28617491	28657157	2
chr2	28685172	28732081	2
chr2	28934346	29024462	2
chr22	32015720	32507108	2
chr4	1983284	2306737	2
chr4	3030798	3345586	2
chr4	8727003	8822840	2
chr4	6050476	7216532	2
chr4	5256693	5998395	2
chr4	4485543	5141998	2
chr4	11434053	11557509	2
chr4	11693975	11775739	2
chr4	12106095	12520327	2
chr4	12642430	13310136	2
chr4	13658146	13711959	2
chr4	13770654	14138604	2
chr4	14397636	15070810	2
chr4	15321507	15739552	2
chr4	15740312	16070540	2
chr4	16786516	17880811	2
chr4	18630433	19758942	2
chr4	20046085	20605806	2
chr4	21128790	21175940	2
chr4	21443066	21547872	2
chr4	21589736	21744940	2
chr4	22445805	23283775	2
chr4	23948477	24555050	2
chr4	24995415	25033988	2
chr4	25396457	25859111	2
chr4	26197083	26248457	2
chr4	26302786	26347710	2
chr4	26425674	26467893	2
chr4	26743399	26788235	2
chr4	26788235	26835351	2
chr4	27171266	28112092	2
chr4	28332837	28366893	2
chr4	28640480	28920997	2
chr4	28964717	28980662	2
chr4	29009744	29046708	2
chr4	29177677	29963890	2
chr4	30171542	30733071	2
chr4	30850013	30892961	2
chr4	31097249	31296014	2
chr4	31483673	31510931	2
chr4	31641411	32979752	2
chr4	33014754	33047799	2
chr4	33330387	33364921	2
chr4	33527957	34612085	2
chr4	34953592	35811646	2
chr4	36078297	36170784	2
chr4	36317055	37328942	2
chr4	37687937	37774055	2
chr4	38006296	38063288	2
chr4	38110967	38165514	2
chr4	38492196	38952234	2
chr4	39195904	39670912	2
chr4	40658432	40897807	2
chr4	40899071	41338465	2
chr4	41387537	41695622	2
chr4	41959279	43032773	2
chr4	43190831	43277907	2
chr4	43784675	44439262	2
chr4	44486174	45078857	2
chr4	45104926	45374531	2
chr4	45380147	45622845	2
chr4	46178027	46214232	2
chr4	46927434	47215993	2
chr4	47691264	48897212	2
chr4	53017177	53292919	2
chr4	53387094	55394807	2
chr4	55595153	55770182	2
chr4	56516782	57518048	2
chr4	57565306	61400646	2
chr4	61401172	61969498	2
chr4	62170449	62438281	2
chr4	62438281	62803125	2
chr4	62853274	62951717	2
chr4	63116871	64036296	2
chr4	64416763	64481541	2
chr4	65647658	65719456	2
chr4	65730899	67286839	2
chr4	67573502	67724156	2
chr4	67756691	67793338	2
chr4	68338046	68404730	2
chr4	70687388	70812772	2
chr4	75251441	77509247	2
chr4	77509247	78125204	2
chr4	78484642	78750940	2
chr4	78906904	78942362	2
chr4	79350220	79443079	2
chr4	79836728	79877382	2
chr4	80084701	80585370	2
chr4	80635005	80678455	2
chr4	81046696	81342679	2
chr4	82611093	83494421	2
chr4	83494421	84036154	2
chr4	84183252	84390838	2
chr4	84460782	85013152	2
chr4	85443488	85484390	2
chr4	85611537	85861968	2
chr4	86365529	86450415	2
chr4	87202726	87280902	2
chr4	87809764	88118812	2
chr4	88124819	88999089	2
chr1	90064042	90275427	2
chr1	90770630	91313164	2
chr1	92219854	92911924	2
chr12	132521470	133158820	2
chr22	28534105	28846846	2
chr22	27435237	28035693	2
chr12	109309374	110087655	2
chr12	121316969	121477273	2
chr12	120502836	120556507	2
chr12	120044159	120239760	2
chr12	119465003	120001357	2
chr12	118147680	119045207	2
chr12	117610792	118069780	2
chr12	116200269	116336271	2
chr12	113795789	115912771	2
chr12	110488792	113254002	2
chr12	121973412	122019068	2
chr12	122079859	123378199	2
chr12	123516255	123566152	2
chr12	123867362	124427837	2
chr12	124904986	125327659	2
chr12	125384592	125553379	2
chr12	125777239	126629431	2
chr12	126800834	126846823	2
chr12	127266340	127633949	2
chr12	128237268	129531201	2
chr12	130089111	130481020	2
chr12	131109754	131167514	2
chr7	71727121	71941881	2
chr7	70746372	71170220	2
chr7	69379572	69946096	2
chr7	67552319	69257043	2
chr7	67055082	67249096	2
chr7	72707457	72766602	2
chr7	101006041	102158139	2
chr7	100382498	100485959	2
chr7	99969720	100358360	2
chr7	1563419	1793999	2
chr7	1992818	2740107	2
chr7	3414824	3993933	2
chr7	4032021	4343256	2
chr7	4810268	5349125	2
chr7	5384649	5732969	2
chr7	6267667	6455014	2
chr13	27447606	27957021	2
chr13	28573304	30172170	2
chr13	30476118	31069244	2
chr13	31222966	31286254	2
chr13	32826208	33184755	2
chr13	33246460	34255410	2
chr7	92758941	93455820	2
chr7	93455844	93557311	2
chr7	94048740	94097087	2
chr7	94325984	94893819	2
chr7	95093467	95709180	2
chr7	96173403	96281837	2
chr7	96660948	97450289	2
chr7	7132927	7489645	2
chr7	7938425	7989535	2
chr7	8402205	8449388	2
chr7	8449388	8653314	2
chr7	8793669	8822847	2
chr7	10425262	10454012	2
chr7	12324098	12383893	2
chr7	112340409	112739131	2
chr7	112739131	113126816	2
chr7	113289396	113327134	2
chr7	115131420	115215177	2
chr7	116235207	117214308	2
chr7	118302121	118372404	2
chr7	118410013	118569106	2
chr7	118591409	119556876	2
chr7	119662301	121102793	2
chr7	121143811	121572286	2
chr7	121623237	122378486	2
chr7	122405445	123519086	2
chr7	124733449	124888914	2
chr7	125645980	125673365	2
chr7	125750334	126014520	2
chr7	126403821	127019468	2
chr7	128322941	129934812	2
chr7	131619588	131882311	2
chr7	131924711	132241938	2
chr7	132796153	132985549	2
chr7	133033289	133220786	2
chr7	133262913	133793301	2
chr7	133993613	134147268	2
chr7	134599409	136575082	2
chr7	136706981	137761084	2
chr7	139488962	139593045	2
chr7	139881831	141174732	2
chr7	141213874	142032534	2
chr7	142351168	144763471	2
chr7	145243691	145511325	2
chr7	145676652	145705985	2
chr7	145705985	145765962	2
chr7	145895487	145975416	2
chr7	146674771	146707790	2
chr7	147146924	147172745	2
chr7	147172745	147509966	2
chr7	148101206	148720394	2
chr7	148720394	149286320	2
chr7	149408805	149559144	2
chr7	23636138	24153006	2
chr7	24191820	24553759	2
chr7	24600170	24636926	2
chr7	25062612	25165590	2
chr7	25474117	25933506	2
chr7	26324852	27377763	2
chr7	27377763	27931758	2
chr7	28954808	29242671	2
chr7	29606707	30355615	2
chr7	30691638	30982395	2
chr7	31046788	31138403	2
chr7	32118668	33103105	2
chr4	89535193	89602246	2
chr4	90115917	91501253	2
chr4	91548707	92127428	2
chr4	92418806	93033585	2
chr4	93146055	93259445	2
chr4	94915171	95081440	2
chr4	122019455	122399379	2
chr4	121379038	121931091	2
chr4	120978625	121348385	2
chr1	67875586	67938500	2
chr2	88534928	89165859	2
chr2	86586827	88534928	2
chr2	85273171	86304631	2
chr2	84343738	84971663	2
chr2	83613913	84343449	2
chr2	83039824	83196079	2
chr2	82116285	82746694	2
chr2	81745109	81823845	2
chr2	81345130	81451642	2
chr2	79791339	79817665	2
chr2	77722659	79520135	2
chr2	76837789	77130025	2
chr2	76674097	76739305	2
chr2	76515815	76663902	2
chr2	74399739	76154237	2
chr2	71543990	72354648	2
chr2	72677775	73500875	2
chr2	68715036	71029275	2
chr3	128719120	128838743	2
chr3	127742732	128533680	2
chr3	125797880	127710866	2
chr3	13266899	13936524	2
chr3	14449782	14603148	2
chr3	14845697	15163105	2
chr3	64410033	64450853	2
chr3	64501268	64889654	2
chr3	65186915	65292462	2
chr3	65402093	65477740	2
chr3	66093752	67013979	2
chr3	67186078	67548993	2
chr3	67604548	67748454	2
chr3	68739814	68764600	2
chr3	68887028	71096195	2
chr3	71211861	71516230	2
chr3	71559696	72205891	2
chr3	72577800	72740112	2
chr3	72796195	72954800	2
chr3	73293931	73494640	2
chr3	74352915	74774767	2
chr3	726278	1528815	2
chr3	1561390	2950400	2
chr3	2982410	3889095	2
chr3	4028094	4744057	2
chr3	4825681	5094398	2
chr3	5390183	5522012	2
chr3	5680195	7714979	2
chr3	8199462	8257325	2
chr3	8528004	10026715	2
chr3	10545818	10650389	2
chr3	10760879	11140431	2
chr3	11205120	11848383	2
chr3	12014073	12338633	2
chr3	12514293	12561941	2
chr3	129118614	129544370	2
chr10	45789406	46218168	2
chr10	43488987	44439424	2
chr12	1930554	2822666	2
chr12	1451875	1653759	2
chr12	666199	776489	2
chr12	572915	666199	2
chr22	18592810	18634369	2
chr12	9220074	9285973	2
chr12	8848158	9214464	2
chr12	6638956	7126626	2
chr12	5690691	6314634	2
chr12	4973685	5690691	2
chr12	2902551	3900496	2
chr12	10750914	10906151	2
chr12	14128560	15198193	2
chr12	15569772	15738818	2
chr12	15864165	16641401	2
chr12	17438715	17794357	2
chr12	18142836	19004573	2
chr12	19269066	19413482	2
chr12	20202031	21496488	2
chr12	21560903	23915950	2
chr12	24456852	24792343	2
chr12	24939997	25400801	2
chr12	25943287	26046655	2
chr12	26453649	26479435	2
chr19	54367488	54515977	2
chr19	54904071	55525843	2
chr19	55614762	56104202	2
chr19	56363345	56901603	2
chr19	57021834	57481466	2
chr19	58523792	58913201	2
chr19	47138232	48260298	2
chr19	46798948	47007533	2
chr19	46103764	46272087	2
chr19	45718835	45889697	2
chr19	45309706	45645424	2
chr19	41200633	41288375	2
chr19	40922960	41149570	2
chr19	40558793	40880648	2
chr19	38122251	39939865	2
chr19	35949524	36519877	2
chr19	35476383	35850716	2
chr19	33777123	34917735	2
chr19	33601561	33685587	2
chr19	32124754	32677517	2
chr19	31680508	32087253	2
chr19	31309563	31472052	2
chr19	30877968	31272251	2
chr19	30437037	30619439	2
chr19	30172591	30255187	2
chr19	29325264	29765685	2
chr11	20114143	20544684	2
chr11	21038496	21185426	2
chr11	21210662	21686801	2
chr11	22530643	22658218	2
chr11	22713051	23012600	2
chr11	23259481	23806337	2
chr11	24025955	24164082	2
chr11	24246881	24288708	2
chr11	24849614	25121193	2
chr15	22872216	22969575	2
chr15	28463209	28567556	2
chr15	28149589	28414929	2
chr15	27755729	28090335	2
chr15	27646949	27703863	2
chr15	27402798	27613009	2
chr15	27071182	27396854	2
chr15	26224409	26509132	2
chr15	25924108	26157728	2
chr15	32460215	32579803	2
chr15	32195630	32412630	2
chr15	31945839	32147407	2
chr15	31403326	31736591	2
chr15	31231900	31341290	2
chr15	29107423	29350824	2
chr15	102086738	102146324	2
chr15	100159181	101136107	2
chr15	99827054	99995748	2
chr15	99176327	99407582	2
chr15	96564249	97017497	2
chr15	95883032	96290577	2
chr15	95347076	95464752	2
chr15	93390363	94368495	2
chr15	92001589	93345089	2
chr15	91853092	91993651	2
chr15	87934855	88070283	2
chr15	88167821	88519502	2
chr15	88801336	88842129	2
chr15	88925977	89110999	2
chr15	89618767	89711356	2
chr15	89821268	89988912	2
chr11	89184800	89350901	2
chr11	88632913	89106958	2
chr11	88236594	88632913	2
chr11	88048490	88179738	2
chr11	87674833	87776003	2
chr11	87162182	87644181	2
chr11	77161001	78429833	2
chr11	76697621	77100801	2
chr11	76038227	76579398	2
chr11	75410993	75989916	2
chr11	74963693	75345859	2
chr11	74182019	74963341	2
chr11	72391754	74010579	2
chr11	71824153	72348215	2
chr11	3774274	4140759	2
chr11	4185929	4732330	2
chr11	5252670	5604701	2
chr11	5961674	6066396	2
chr11	6146421	6274476	2
chr11	6399285	6743552	2
chr11	7182683	8070604	2
chr11	8070604	8167348	2
chr11	8215807	9481865	2
chr11	9556527	9983774	2
chr11	10049901	10399834	2
chr11	10437023	12172907	2
chr11	12224195	12315191	2
chr11	12454354	13276359	2
chr11	13312968	13618899	2
chr11	13684382	14084408	2
chr11	14127613	14363380	2
chr11	14396392	15280182	2
chr11	15414646	16067387	2
chr16	17308451	17724498	2
chr16	17067547	17163401	2
chr16	18607785	20803629	2
chr16	20917424	21217026	2
chr16	21962367	22291858	2
chr16	23562062	23606917	2
chr16	23767633	23819326	2
chr16	24182310	24218873	2
chr16	24387764	24866160	2
chr16	25603687	26540591	2
chr16	26672479	27550492	2
chr16	27836137	27876043	2
chr16	27876043	27929313	2
chr10	126607570	126817818	2
chr10	127540847	127796133	2
chr10	127844202	129700664	2
chr10	129701467	130082298	2
chr10	130250594	130283317	2
chr10	130471501	130511923	2
chr10	131225676	132153935	2
chr10	133936732	134292155	2
chr10	134340481	134540562	2
chr10	134923527	135279095	2
chr11	252993	1715641	2
chr11	1776522	1871260	2
chr11	2071094	2159752	2
chr11	2191591	2296768	2
chr11	2404479	2723504	2
chr11	2945728	3254669	2
chr11	70495405	70820525	2
chr11	70056315	70359719	2
chr11	69357128	69457176	2
chr19	7112182	7812702	2
chr19	7893344	8073842	2
chr13	103541076	103596252	2
chr13	103616567	104276305	2
chr13	104360386	104414058	2
chr13	105045572	106316328	2
chr13	106577279	106819672	2
chr13	107071558	107876518	2
chr13	108236138	108671946	2
chr13	109154774	109214238	2
chr13	109437768	109535964	2
chr13	109615154	109777285	2
chr13	110200770	110429223	2
chr13	111077593	111573431	2
chr13	112820656	113349043	2
chr13	113668664	114898184	2
chr8	611099	632322	2
chr8	671025	1684883	2
chr8	1791111	1846697	2
chr8	2149179	2201955	2
chr8	2417256	2562896	2
chr8	3636450	3986638	2
chr8	4028937	4076209	2
chr8	4124975	5351557	2
chr8	5520842	5698228	2
chr8	6026135	6693649	2
chr8	41485687	41994622	2
chr8	40590175	41485687	2
chr8	37962286	40080965	2
chr8	36861465	36909115	2
chr8	36984100	37064487	2
chr8	37631305	37707850	2
chr8	36123175	36148361	2
chr8	34534268	35717135	2
chr8	34462815	34512621	2
chr8	33847669	34023838	2
chr8	33613996	33847200	2
chr8	33342522	33521423	2
chr8	32766351	33143525	2
chr8	31999233	32221132	2
chr8	31658746	31699031	2
chr8	29608086	31564755	2
chr8	29300441	29468182	2
chr8	9294793	9643080	2
chr8	8764582	9247645	2
chr8	8577756	8764582	2
chr8	12769737	12859917	2
chr8	13309739	13452499	2
chr8	13509235	13828682	2
chr8	13828682	13864492	2
chr8	14202896	14749803	2
chr8	15380264	15649256	2
chr8	15841191	16218626	2
chr8	16353828	16554920	2
chr8	17160059	17270705	2
chr8	17455656	17638840	2
chr8	17813521	17958954	2
chr4	190065141	190115336	2
chr4	189701207	189785414	2
chr4	189423529	189568186	2
chr4	189047172	189423529	2
chr4	188383780	188642623	2
chr4	187906001	187949759	2
chr4	186726609	186869643	2
chr4	185815352	186369698	2
chr4	185651853	185772153	2
chr4	185125136	185651853	2
chr4	184059071	184737065	2
chr4	183631289	183797702	2
chr4	182748981	182808378	2
chr4	182612668	182662470	2
chr4	181928575	181987593	2
chr4	180686334	181288078	2
chr4	180458243	180686334	2
chr4	179640337	180055689	2
chr4	179379361	179419908	2
chr4	178567053	178613790	2
chr4	177922459	178000444	2
chr4	177561703	177591727	2
chr4	176734032	177098476	2
chr4	175935270	176096559	2
chr4	175290935	175784236	2
chr4	174829905	174860748	2
chr4	174246029	174407996	2
chr4	173731819	173821658	2
chr4	173371450	173601257	2
chr4	173309042	173369840	2
chr4	171946918	172879893	2
chr4	171703184	171881237	2
chr4	171489573	171692813	2
chr4	169401582	169471231	2
chr4	168865603	169171226	2
chr4	167739748	168197006	2
chr4	167514289	167650130	2
chr4	167229593	167268749	2
chr4	166955120	167151778	2
chr4	166167037	166587668	2
chr4	165604017	166163632	2
chr4	164884718	165331625	2
chr4	164390818	164753692	2
chr4	164117789	164276867	2
chr8	19170539	20177976	2
chr19	18369059	19141933	2
chr19	17970476	18311458	2
chr19	17186030	17397651	2
chr22	35256070	35282315	2
chr22	35326760	35751260	2
chr22	35850331	35953121	2
chr4	150631969	150683929	2
chr4	149426175	150424807	2
chr4	147287379	149232677	2
chr4	147086956	147118970	2
chr4	146356579	146773071	2
chr4	145474172	145587312	2
chr4	143493495	144220774	2
chr4	143247319	143457928	2
chr4	142194880	143201361	2
chr4	142129719	142194880	2
chr19	12936651	14683008	2
chr16	46739480	46889908	2
chr16	47073494	47570545	2
chr16	47719569	47750007	2
chr16	47861590	47913517	2
chr16	47963072	48485833	2
chr16	48713827	48749464	2
chr16	48820779	49926928	2
chr16	50117568	50229463	2
chr16	50335504	50526019	2
chr16	50715219	51028929	2
chr16	51178683	51249653	2
chr16	51782146	52388612	2
chr16	53598574	53693203	2
chr16	54004868	54060420	2
chr16	54505649	54805057	2
chr16	54963059	55066689	2
chr16	55242303	55277272	2
chr16	55862386	56049499	2
chr16	56049499	56169501	2
chr16	56377710	56484181	2
chr16	56932938	57059679	2
chr16	57568571	57626167	2
chr16	57892229	58641029	2
chr16	58902097	58968225	2
chr16	59636246	60081685	2
chr16	60416564	60746453	2
chr16	60921968	60957337	2
chr16	61267072	61369383	2
chr16	61770007	61801226	2
chr16	61801226	62050751	2
chr16	62212297	62603562	2
chr16	62643631	62745150	2
chr16	62928803	62969293	2
chr16	63317493	64495174	2
chr16	64495343	64626722	2
chr16	65035417	65324424	2
chr16	65324424	66163404	2
chr16	66201646	66272812	2
chr16	66694815	66749942	2
chr16	67068148	67361089	2
chr16	67363888	67627925	2
chr16	68434875	68746313	2
chr16	68998985	69370898	2
chr16	69529760	69564338	2
chr16	72205079	72278467	2
chr16	71099579	71690162	2
chr16	70459640	71099579	2
chr16	70146138	74916345	2
chr16	75336106	76271394	2
chr16	76504605	76531394	2
chr16	76689894	76850373	2
chr16	77034744	77199286	2
chr16	77314175	79361778	2
chr16	79492633	79579974	2
chr16	80016725	80059275	2
chr16	80606212	81271230	2
chr16	81689836	81916976	2
chr16	82214164	83882004	2
chr16	83980462	84604838	2
chr16	84673845	84717371	2
chr16	85190159	85237210	2
chr16	85419601	88695465	2
chr16	88926871	88974963	2
chr16	89216981	89244509	2
chr16	89492991	89896814	2
chr1	228938453	229626319	2
chr1	229974506	231470554	2
chr1	231763405	231842036	2
chr1	232771981	233161327	2
chr1	233270752	233851006	2
chr1	234245501	234496384	2
chr10	33640827	35152269	2
chr11	106837161	107436620	2
chr11	106481058	106612772	2
chr11	104211898	105927848	2
chr11	103961702	104007222	2
chr11	103682036	103731595	2
chr11	102732713	103489130	2
chr11	102593664	102718115	2
chr11	101929578	102481894	2
chr11	101124740	101593686	2
chr11	100337768	101060049	2
chr11	99659571	99705107	2
chr11	99417674	99578225	2
chr11	99255702	99305859	2
chr11	99078276	99196932	2
chr11	97961718	97987223	2
chr11	97294133	97748304	2
chr11	96567069	97220566	2
chr11	95166129	95583471	2
chr11	94661637	94965201	2
chr11	94100917	94472317	2
chr11	93363907	93464706	2
chr11	93115795	93332576	2
chr11	92535416	93056334	2
chr11	90965610	92115479	2
chr11	90665655	90923337	2
chr11	90437758	90665655	2
chr11	90208883	90398357	2
chr19	10313851	11172952	2
chr19	11199397	11253420	2
chr7	36365310	36495869	2
chr7	33334126	33380422	2
chr7	33766515	34146202	2
chr7	34292995	34374571	2
chr7	34711801	34924864	2
chr7	35093862	35164486	2
chr7	35527229	36340256	2
chr11	134711141	134843539	2
chr11	132786894	134536835	2
chr11	131835454	131917394	2
chr11	131369385	131724902	2
chr11	131014882	131250990	2
chr11	130590596	130968863	2
chr11	130288254	130484298	2
chr11	129592647	129758060	2
chr11	129063988	129539268	2
chr11	128016711	128673046	2
chr11	127726349	127833464	2
chr11	127302652	127696857	2
chr11	126884977	127183128	2
chr11	126627725	126712202	2
chr11	126229379	126468307	2
chr11	125601229	125822349	2
chr11	124863387	125475544	2
chr11	124283934	124329035	2
chr11	123955310	124054469	2
chr11	123111121	123521237	2
chr11	122312885	122531836	2
chr11	121297545	121429297	2
chr11	120730143	121076320	2
chr11	120007627	120689659	2
chr11	119662717	119966346	2
chr11	118463374	119206891	2
chr11	118103620	118240355	2
chr11	117538310	117962404	2
chr11	117301873	117340900	2
chr11	116608837	116999866	2
chr11	116468137	116512976	2
chr11	116173073	116331429	2
chr11	115988117	116028357	2
chr11	115949290	115985694	2
chr11	115705438	115759116	2
chr11	115271384	115390932	2
chr11	113612142	113793788	2
chr11	113245801	113420835	2
chr11	112647419	112718800	2
chr11	110917680	112602695	2
chr11	110703833	110758472	2
chr11	110238293	110672548	2
chr11	109391866	109893796	2
chr11	108976465	109300923	2
chr15	76091593	77880751	2
chr15	77967118	78015562	2
chr15	75051092	75182948	2
chr15	74318441	74785376	2
chr15	74150946	74262080	2
chr15	73651798	73719038	2
chr15	73279755	73348799	2
chr15	72716583	72876761	2
chr15	69863193	72650832	2
chr15	68847390	69824083	2
chr15	68173030	68729129	2
chr15	68066729	68173030	2
chr15	67904651	68023568	2
chr15	67075425	67318007	2
chr15	66618131	66984118	2
chr15	66148711	66450633	2
chr15	65705349	66098177	2
chr15	64693807	64748355	2
chr15	63797693	63943130	2
chr15	63315345	63572834	2
chr15	62487462	62866361	2
chr15	61464095	61844922	2
chr15	61092877	61424241	2
chr15	59914843	60025610	2
chr15	58521474	59776041	2
chr15	57697592	58266772	2
chr15	56161852	56346389	2
chr15	55228860	55354487	2
chr15	55090845	55158373	2
chr15	54368964	54537514	2
chr15	52475981	52820224	2
chr6	54833617	55002101	2
chr6	54447943	54729512	2
chr6	53128549	53651432	2
chr6	52696539	53048778	2
chr6	74210192	74319296	2
chr6	74529857	74636348	2
chr6	74816823	75385174	2
chr6	75635352	75854703	2
chr6	76083820	76180596	2
chr6	76310862	76438043	2
chr6	77111628	78166744	2
chr6	78493299	78633769	2
chr6	78826513	79176426	2
chr6	79376083	79559119	2
chr6	79907797	79944236	2
chr6	79944236	80159079	2
chr6	80339439	80499318	2
chr6	80550239	81035114	2
chr6	81573785	82395772	2
chr6	82517518	83288967	2
chr6	83328592	83540848	2
chr6	83732806	83776705	2
chr6	84400970	84526001	2
chr6	84894722	85565025	2
chr6	85933745	86035432	2
chr6	86300853	86360515	2
chr15	79603215	80272837	2
chr15	79350344	79517762	2
chr3	147903106	147954974	2
chr3	147221661	147853356	2
chr3	146442733	147180869	2
chr3	145898361	146330699	2
chr3	144999606	145507216	2
chr3	144904367	144932091	2
chr3	144427516	144730612	2
chr3	143653093	144217200	2
chr3	143445830	143653093	2
chr3	142662637	143247455	2
chr3	141581787	141691209	2
chr3	140638333	141333890	2
chr3	140086535	140318867	2
chr3	139672019	139916915	2
chr3	139394312	139632603	2
chr3	138999821	139180345	2
chr3	138634397	138740124	2
chr3	138473605	138582582	2
chr3	137888799	137939526	2
chr3	137542005	137796525	2
chr3	136942418	137331111	2
chr3	135718783	136589330	2
chr3	135624238	135711487	2
chr3	134737054	135372403	2
chr3	134411400	134737054	2
chr3	132536397	132775272	2
chr3	132036292	132181408	2
chr3	131607636	131886952	2
chr3	131452435	131572234	2
chr3	131216452	131377285	2
chr3	131163104	131216452	2
chr3	130874615	131083395	2
chr3	130141246	130478733	2
chr3	51997540	52124473	2
chr3	50648315	50817485	2
chr3	49952995	50253213	2
chr3	48646185	49752204	2
chr3	48572896	48607764	2
chr3	47059166	47927644	2
chr3	46759904	46975920	2
chr3	36563971	36739099	2
chr3	36416530	36452454	2
chr3	36211943	36339750	2
chr3	35699191	35808580	2
chr3	35511893	35648797	2
chr3	35160831	35329890	2
chr3	30222739	30800960	2
chr3	29206700	29899168	2
chr3	28073239	28608488	2
chr3	27753689	28027703	2
chr3	37493989	37844397	2
chr3	37903885	37939863	2
chr3	38163985	38308875	2
chr3	38830182	39304152	2
chr3	39448112	40264924	2
chr3	40650529	41782532	2
chr3	41795755	42295435	2
chr3	42929916	43583627	2
chr3	43655607	43840577	2
chr3	44303961	44465736	2
chr3	44596962	45430183	2
chr3	45797196	45985589	2
chr3	46134813	46412289	2
