chr1	40000	120000	2
chr1	640000	920000	2
chr1	960000	1280000	2
chr1	1320000	1680000	2
chr1	2160000	2240000	2
chr1	2440000	2480000	2
chr1	2520000	2640000	2
chr1	2800000	3280000	2
chr1	4080000	4200000	2
chr1	4320000	4680000	2
chr1	4720000	4960000	2
chr1	5600000	5640000	2
chr1	5720000	5840000	2
chr1	5960000	6880000	2
chr1	6920000	7320000	2
chr1	7360000	7480000	2
chr1	7880000	8080000	2
chr1	8200000	8360000	2
chr1	11080000	11160000	2
chr1	11440000	11480000	2
chr1	12680000	13040000	2
chr1	13080000	13480000	2
chr1	13480000	14080000	2
chr1	14120000	14520000	2
chr1	14640000	14840000	2
chr1	14960000	15200000	2
chr1	16240000	16320000	2
chr1	17280000	17320000	2
chr1	17360000	17520000	2
chr1	17600000	17680000	2
chr1	17960000	18160000	2
chr1	19440000	20080000	2
chr1	20320000	20560000	2
chr1	21080000	21280000	2
chr1	21400000	21560000	2
chr1	21680000	21720000	2
chr1	21880000	22000000	2
chr1	22160000	22200000	2
chr1	22680000	23000000	2
chr1	23040000	23200000	2
chr1	23240000	23480000	2
chr1	23600000	23880000	2
chr1	23920000	24080000	2
chr1	24120000	24640000	2
chr1	24680000	24800000	2
chr1	24840000	25080000	2
chr1	25680000	25720000	2
chr1	25880000	25960000	2
chr1	27160000	27280000	2
chr1	27600000	27960000	2
chr1	27960000	28280000	2
chr1	28520000	28720000	2
chr1	28960000	29000000	2
chr1	29000000	29040000	2
chr1	29480000	29560000	2
chr1	29600000	29760000	2
chr1	29800000	30520000	2
chr1	30560000	30800000	2
chr1	30920000	31000000	2
chr1	31160000	33200000	2
chr1	33240000	33840000	2
chr1	33880000	34160000	2
chr1	34160000	34360000	2
chr1	34520000	34800000	2
chr1	35000000	35040000	2
chr1	35280000	36160000	2
chr1	37000000	37520000	2
chr1	37760000	38520000	2
chr1	39200000	39360000	2
chr1	39400000	39440000	2
chr1	39480000	39960000	2
chr1	40400000	40440000	2
chr1	41040000	41120000	2
chr1	41600000	42040000	2
chr1	42080000	42240000	2
chr1	42280000	42360000	2
chr1	42520000	42720000	2
chr1	45000000	45200000	2
chr1	45400000	45480000	2
chr1	45520000	45840000	2
chr1	45960000	46360000	2
chr1	46880000	46960000	2
chr1	48000000	48240000	2
chr1	48280000	48560000	2
chr1	48680000	48920000	2
chr1	49080000	49120000	2
chr1	49880000	50360000	2
chr1	50600000	50640000	2
chr1	50640000	50760000	2
chr1	51440000	51720000	2
chr1	51760000	52280000	2
chr1	52320000	52680000	2
chr1	53280000	53920000	2
chr1	54080000	54640000	2
chr1	55120000	55200000	2
chr1	55440000	55560000	2
chr1	55960000	56200000	2
chr1	56240000	57160000	2
chr1	57200000	57840000	2
chr1	58600000	59240000	2
chr1	60240000	60480000	2
chr1	60520000	60760000	2
chr1	60800000	61240000	2
chr1	61400000	61640000	2
chr1	61680000	61880000	2
chr1	61880000	62040000	2
chr1	62160000	62480000	2
chr1	62520000	62600000	2
chr1	62920000	63000000	2
chr1	63120000	63240000	2
chr1	63280000	63600000	2
chr1	63640000	63840000	2
chr1	63880000	64000000	2
chr1	64560000	64640000	2
chr1	64760000	64840000	2
chr1	64920000	65000000	2
chr1	65800000	66240000	2
chr1	66280000	66480000	2
chr1	66520000	67120000	2
chr1	67320000	67400000	2
chr1	68120000	69080000	2
chr1	69320000	70520000	2
chr1	70560000	71200000	2
chr1	71200000	71400000	2
chr1	71520000	72320000	2
chr1	72480000	72640000	2
chr1	72840000	73480000	2
chr1	73480000	74320000	2
chr1	74360000	75840000	2
chr1	76600000	76720000	2
chr1	78080000	78160000	2
chr1	78520000	79200000	2
chr1	79920000	80360000	2
chr1	81240000	81880000	2
chr1	82000000	82160000	2
chr1	82720000	82760000	2
chr1	83120000	83280000	2
chr1	84120000	84480000	2
chr1	85840000	86000000	2
chr1	86040000	86080000	2
chr1	86200000	86440000	2
chr1	86480000	86640000	2
chr1	87200000	88440000	2
chr1	89080000	89280000	2
chr1	89440000	89480000	2
chr1	89800000	89880000	2
chr1	90160000	90240000	2
chr1	90280000	91560000	2
chr1	91840000	92320000	2
chr1	92440000	93000000	2
chr1	93480000	93600000	2
chr1	94000000	94040000	2
chr1	94160000	94560000	2
chr1	94600000	94960000	2
chr1	95080000	95280000	2
chr1	95280000	95840000	2
chr1	95880000	96200000	2
chr1	96400000	96440000	2
chr1	96840000	97600000	2
chr1	97640000	98640000	2
chr1	98880000	98920000	2
chr1	99880000	99920000	2
chr1	100240000	100400000	2
chr1	100440000	101200000	2
chr1	101320000	101600000	2
chr1	101760000	102280000	2
chr1	102560000	102600000	2
chr1	102840000	103200000	2
chr1	103240000	103440000	2
chr1	103560000	103880000	2
chr1	103920000	104080000	2
chr1	107440000	107920000	2
chr1	108440000	108520000	2
chr1	108520000	108560000	2
chr1	108840000	109000000	2
chr1	109160000	109320000	2
chr1	109480000	109920000	2
chr1	109960000	110360000	2
chr1	110400000	110800000	2
chr1	111520000	111840000	2
chr1	111840000	112040000	2
chr1	112400000	112560000	2
chr1	112800000	112840000	2
chr1	112920000	113280000	2
chr1	113520000	113560000	2
chr1	114880000	115760000	2
chr1	116440000	116520000	2
chr1	116880000	117760000	2
chr1	117840000	117880000	2
chr1	118160000	118400000	2
chr1	118400000	120600000	2
chr1	121600000	121640000	2
chr1	121800000	121880000	2
chr1	121920000	121960000	2
chr1	123240000	123400000	2
chr1	123440000	125200000	2
chr1	125320000	126160000	2
chr1	126160000	126320000	2
chr1	126360000	126600000	2
chr1	126920000	127200000	2
chr1	127320000	127840000	2
chr1	127840000	128120000	2
chr1	128400000	128840000	2
chr1	129760000	129840000	2
chr1	130120000	131000000	2
chr1	132040000	132400000	2
chr1	132600000	132720000	2
chr1	133360000	134560000	2
chr1	134920000	135320000	2
chr1	135880000	136240000	2
chr1	136280000	136640000	2
chr1	136680000	137080000	2
chr1	137080000	137320000	2
chr1	137360000	137920000	2
chr1	138440000	138640000	2
chr1	138720000	138840000	2
chr1	139000000	139640000	2
chr1	139680000	139960000	2
chr1	140000000	140160000	2
chr1	144240000	144400000	2
chr1	144800000	144920000	2
chr1	145080000	145360000	2
chr1	145560000	145600000	2
chr1	145600000	145720000	2
chr1	145840000	146040000	2
chr1	146160000	147520000	2
chr1	148320000	148480000	2
chr1	148520000	148600000	2
chr1	148840000	149040000	2
chr1	149880000	149920000	2
chr1	150040000	150360000	2
chr1	151560000	151640000	2
chr1	151920000	152040000	2
chr1	152080000	152520000	2
chr1	153040000	153520000	2
chr1	153560000	153960000	2
chr1	154000000	154240000	2
chr1	155120000	155480000	2
chr1	155520000	156040000	2
chr1	156120000	156240000	2
chr1	156440000	156800000	2
chr1	156960000	157520000	2
chr1	157760000	157960000	2
chr1	158000000	158120000	2
chr1	158160000	158360000	2
chr1	158400000	158880000	2
chr1	158920000	159240000	2
chr1	159280000	159360000	2
chr1	159680000	159840000	2
chr1	160000000	160840000	2
chr1	160960000	161320000	2
chr1	161360000	163000000	2
chr1	163040000	163400000	2
chr1	164040000	164080000	2
chr1	164600000	164680000	2
chr1	165080000	165200000	2
chr1	165840000	165920000	2
chr1	166080000	166200000	2
chr1	166960000	167800000	2
chr1	168440000	168680000	2
chr1	168680000	168960000	2
chr1	169400000	169880000	2
chr1	169920000	172200000	2
chr1	172640000	172920000	2
chr1	172920000	173480000	2
chr1	173520000	173960000	2
chr1	174000000	174200000	2
chr1	174800000	175320000	2
chr1	175715432	176035432	2
chr1	176275432	176355432	2
chr1	176395432	176755432	2
chr1	177395432	177635432	2
chr1	177675432	177835432	2
chr1	177875432	178315432	2
chr1	178355432	178755432	2
chr1	179075432	180235432	2
chr1	180275432	180395432	2
chr1	180595432	180875432	2
chr1	180995432	181395432	2
chr1	181515432	181555432	2
chr1	182075432	182395432	2
chr1	182395432	182755432	2
chr1	182955432	182995432	2
chr1	183115432	183635432	2
chr1	183835432	183875432	2
chr1	184235432	184315432	2
chr1	184475432	184675432	2
chr1	184715432	184795432	2
chr1	184835432	185035432	2
chr1	185555432	185675432	2
chr1	185835432	185955432	2
chr1	186875432	187875432	2
chr1	187915432	188155432	2
chr1	188315432	188755432	2
chr1	189155432	189715432	2
chr1	190995432	191115432	2
chr1	191675432	192755432	2
chr1	193115432	193195432	2
chr1	193275432	193515432	2
chr1	193515432	193715432	2
chr1	194315432	194835432	2
chr1	194955432	195275432	2
chr1	195315432	195475432	2
chr1	195515432	195635432	2
chr1	195715432	195875432	2
chr1	195955432	196075432	2
chr1	196875432	196995432	2
chr10	680000	880000	2
chr10	1640000	1960000	2
chr10	2120000	2160000	2
chr10	2760000	2880000	2
chr10	3040000	3080000	2
chr10	3120000	3600000	2
chr10	3840000	4800000	2
chr10	4840000	4880000	2
chr10	5280000	5320000	2
chr10	5480000	5800000	2
chr10	5840000	5920000	2
chr10	6280000	6320000	2
chr10	6360000	6400000	2
chr10	6600000	6760000	2
chr10	7040000	7080000	2
chr10	7560000	7600000	2
chr10	7720000	7760000	2
chr10	7920000	7960000	2
chr10	8080000	8280000	2
chr10	8480000	9280000	2
chr10	9400000	9440000	2
chr10	9600000	9680000	2
chr10	9720000	9840000	2
chr10	9920000	10720000	2
chr10	10960000	11080000	2
chr10	11120000	11760000	2
chr10	11800000	11840000	2
chr10	11960000	12040000	2
chr10	12160000	13960000	2
chr10	14160000	14360000	2
chr10	14520000	14720000	2
chr10	14880000	14920000	2
chr10	15200000	15360000	2
chr10	15600000	15640000	2
chr10	15840000	15920000	2
chr10	15960000	16120000	2
chr10	16360000	16440000	2
chr10	16480000	16600000	2
chr10	16640000	16760000	2
chr10	16880000	17640000	2
chr10	17680000	18160000	2
chr10	18200000	18520000	2
chr10	18560000	19040000	2
chr10	19160000	19320000	2
chr10	19440000	20280000	2
chr10	20400000	20440000	2
chr10	20560000	20840000	2
chr10	20880000	20920000	2
chr10	21040000	21360000	2
chr10	21520000	22000000	2
chr10	22160000	22640000	2
chr10	22680000	23440000	2
chr10	23600000	23640000	2
chr10	23760000	24040000	2
chr10	24080000	24120000	2
chr10	24240000	24880000	2
chr10	25120000	25160000	2
chr10	25200000	25520000	2
chr10	26400000	26880000	2
chr10	26920000	26960000	2
chr10	27000000	27800000	2
chr10	27840000	28080000	2
chr10	28280000	28880000	2
chr10	29000000	29320000	2
chr10	29360000	30560000	2
chr10	31160000	31480000	2
chr10	31800000	31840000	2
chr10	31960000	32280000	2
chr10	32320000	32400000	2
chr10	32440000	32840000	2
chr10	32960000	33000000	2
chr10	33320000	33480000	2
chr10	33600000	34040000	2
chr10	34080000	34720000	2
chr10	35240000	35280000	2
chr10	35640000	35760000	2
chr10	35760000	36240000	2
chr10	36360000	36480000	2
chr10	36640000	36960000	2
chr10	37080000	38440000	2
chr10	38480000	38840000	2
chr10	38880000	39160000	2
chr10	39240000	39360000	2
chr10	39400000	39440000	2
chr10	39480000	39600000	2
chr10	39680000	43280000	2
chr10	43320000	43880000	2
chr10	44200000	45040000	2
chr10	45080000	45320000	2
chr10	45800000	45960000	2
chr10	46000000	46400000	2
chr10	46440000	46840000	2
chr10	47000000	47120000	2
chr10	47160000	47360000	2
chr10	48280000	48440000	2
chr10	48840000	48920000	2
chr10	49240000	49280000	2
chr10	50200000	50840000	2
chr10	51480000	51720000	2
chr10	51720000	51840000	2
chr10	51880000	52520000	2
chr10	52560000	52600000	2
chr10	52920000	53440000	2
chr10	53480000	53520000	2
chr10	53640000	53680000	2
chr10	53800000	53920000	2
chr10	54400000	54600000	2
chr10	54640000	54920000	2
chr10	55320000	55600000	2
chr10	55640000	55880000	2
chr10	56040000	56120000	2
chr10	57120000	57280000	2
chr10	57560000	58120000	2
chr10	58680000	58800000	2
chr10	58920000	59160000	2
chr10	59360000	59560000	2
chr10	59680000	59840000	2
chr10	60200000	61120000	2
chr10	61120000	61600000	2
chr10	61640000	61720000	2
chr10	61760000	62160000	2
chr10	62680000	62720000	2
chr10	62840000	62920000	2
chr10	63000000	63040000	2
chr10	63040000	63160000	2
chr10	64120000	64320000	2
chr10	64640000	64680000	2
chr10	67960000	68040000	2
chr10	69080000	69240000	2
chr10	69280000	69360000	2
chr10	70160000	70240000	2
chr10	70880000	70920000	2
chr10	71160000	71200000	2
chr10	71320000	71480000	2
chr10	71520000	71600000	2
chr10	71720000	71760000	2
chr10	72080000	72760000	2
chr10	72880000	72920000	2
chr10	73040000	73600000	2
chr10	73640000	73920000	2
chr10	73960000	74240000	2
chr10	74280000	74520000	2
chr10	74720000	75120000	2
chr10	75320000	75360000	2
chr10	75920000	76040000	2
chr10	76080000	76600000	2
chr10	76880000	77000000	2
chr10	77880000	78040000	2
chr10	78320000	78360000	2
chr10	78640000	78800000	2
chr10	78920000	79320000	2
chr10	79320000	79360000	2
chr10	80440000	81320000	2
chr10	81480000	81800000	2
chr10	81920000	81960000	2
chr10	82200000	83200000	2
chr10	83400000	83480000	2
chr10	83480000	83520000	2
chr10	83560000	83720000	2
chr10	84240000	85000000	2
chr10	85120000	85200000	2
chr10	85640000	85840000	2
chr10	85880000	86000000	2
chr10	86000000	87000000	2
chr10	87040000	87440000	2
chr10	87480000	87520000	2
chr10	87600000	87760000	2
chr10	88120000	88360000	2
chr10	88360000	88600000	2
chr10	89120000	89240000	2
chr10	89520000	89640000	2
chr10	89680000	90000000	2
chr10	90040000	90600000	2
chr10	90600000	90800000	2
chr10	91160000	91320000	2
chr10	91560000	92080000	2
chr10	92120000	92360000	2
chr10	92400000	93120000	2
chr10	93240000	93680000	2
chr10	94280000	94320000	2
chr10	94680000	94760000	2
chr10	95000000	95160000	2
chr10	96120000	96720000	2
chr10	96760000	97360000	2
chr10	97360000	97720000	2
chr10	97880000	97920000	2
chr10	99480000	99680000	2
chr10	99720000	99760000	2
chr10	99840000	100960000	2
chr10	101000000	101480000	2
chr10	101480000	101760000	2
chr10	101800000	101880000	2
chr10	102160000	102240000	2
chr10	102440000	102680000	2
chr10	102913255	102953255	2
chr10	103273255	103953255	2
chr10	103993255	104553255	2
chr10	104873255	104913255	2
chr10	104953255	104993255	2
chr10	105033255	105433255	2
chr10	105673255	106353255	2
chr10	106473255	106713255	2
chr10	106993255	107033255	2
chr10	107153255	107713255	2
chr10	107833255	108193255	2
chr10	108633255	109313255	2
chr10	109353255	109673255	2
chr10	110113255	110153255	2
chr10	110313255	110353255	2
chr10	110473255	110553255	2
chr10	111273255	111313255	2
chr10	111313255	111353255	2
chr10	112033255	113313255	2
chr10	113353255	113473255	2
chr10	113953255	114113255	2
chr10	114233255	114353255	2
chr10	114393255	114793255	2
chr10	115033255	115193255	2
chr10	115553255	115753255	2
chr10	115793255	115873255	2
chr10	115913255	116433255	2
chr10	116473255	116513255	2
chr10	116793255	116953255	2
chr10	116953255	117113255	2
chr10	117153255	117273255	2
chr10	117393255	117833255	2
chr10	117873255	118153255	2
chr10	118513255	118553255	2
chr10	118993255	119113255	2
chr10	119233255	119273255	2
chr10	119673255	120073255	2
chr10	120393255	120433255	2
chr10	120913255	121073255	2
chr10	121873255	121993255	2
chr10	122433255	122633255	2
chr10	122673255	122713255	2
chr10	122753255	122913255	2
chr10	123233255	123273255	2
chr10	123473255	123753255	2
chr10	123993255	124233255	2
chr10	124233255	124393255	2
chr10	124433255	124913255	2
chr10	125153255	125193255	2
chr10	126153255	127113255	2
chr10	127393255	127433255	2
chr10	127473255	127513255	2
chr10	128073255	128273255	2
chr10	128393255	128433255	2
chr10	128433255	128993255	2
chr10	129033255	129113255	2
chr10	129473255	129713255	2
chr10	129793255	129913255	2
chr11	80000	440000	2
chr11	440000	1200000	2
chr11	1240000	1800000	2
chr11	2000000	2200000	2
chr11	2320000	2480000	2
chr11	2520000	2920000	2
chr11	3480000	3760000	2
chr11	3800000	3880000	2
chr11	4120000	4400000	2
chr11	5560000	6160000	2
chr11	6360000	6400000	2
chr11	6440000	6480000	2
chr11	7160000	7480000	2
chr11	7520000	7640000	2
chr11	7640000	7920000	2
chr11	8320000	8920000	2
chr11	8960000	9720000	2
chr11	9760000	10120000	2
chr11	10160000	10320000	2
chr11	10360000	10720000	2
chr11	10880000	11000000	2
chr11	11160000	11200000	2
chr11	11520000	11680000	2
chr11	11760000	12000000	2
chr11	12080000	12240000	2
chr11	12643856	13323856	2
chr11	13483856	14483856	2
chr11	14523856	14643856	2
chr11	14683856	15363856	2
chr11	15363856	15403856	2
chr11	15803856	16043856	2
chr11	16923856	17163856	2
chr11	17763856	18043856	2
chr11	18083856	18163856	2
chr11	18363856	19203856	2
chr11	19323856	19603856	2
chr11	19603856	20043856	2
chr11	20443856	20483856	2
chr11	20603856	21203856	2
chr11	21203856	21603856	2
chr11	22003856	22043856	2
chr11	22083856	22243856	2
chr11	22403856	22443856	2
chr11	22683856	22723856	2
chr11	23003856	23043856	2
chr11	23203856	23403856	2
chr11	23443856	23563856	2
chr11	23843856	23883856	2
chr11	23883856	24243856	2
chr11	24363856	25443856	2
chr11	25483856	27043856	2
chr11	27083856	27163856	2
chr11	27363856	27683856	2
chr11	27803856	28003856	2
chr11	28563856	28603856	2
chr11	28803856	28843856	2
chr11	28923856	29083856	2
chr11	29323856	29643856	2
chr11	30683856	31003856	2
chr11	31043856	31083856	2
chr11	31083856	31283856	2
chr11	31563856	31763856	2
chr11	31803856	31963856	2
chr11	32243856	32323856	2
chr11	32603856	32643856	2
chr11	32683856	32803856	2
chr11	33083856	33123856	2
chr11	33363856	33803856	2
chr11	33843856	34003856	2
chr11	34163856	35243856	2
chr11	35243856	35323856	2
chr11	35363856	35403856	2
chr11	35643856	36003856	2
chr11	36043856	36123856	2
chr11	36163856	37923856	2
chr11	38323856	38763856	2
chr11	38763856	38843856	2
chr11	39603856	40763856	2
chr11	40923856	41043856	2
chr11	41163856	41603856	2
chr11	42083856	42163856	2
chr11	43603856	43683856	2
chr11	43803856	43843856	2
chr11	44363856	44603856	2
chr11	44763856	44923856	2
chr11	45243856	45363856	2
chr11	45403856	45603856	2
chr11	45723856	46083856	2
chr11	46203856	46363856	2
chr11	46483856	46883856	2
chr11	47323856	47723856	2
chr11	47843856	48123856	2
chr11	51163856	51203856	2
chr11	51923856	54083856	2
chr11	54083856	54123856	2
chr11	54363856	54563856	2
chr11	54723856	54763856	2
chr11	54963856	55003856	2
chr11	55283856	55363856	2
chr11	55803856	55843856	2
chr11	55963856	56163856	2
chr11	56323856	56403856	2
chr11	56723856	56763856	2
chr11	56923856	57083856	2
chr11	57443856	57523856	2
chr11	57603856	57723856	2
chr11	57883856	58003856	2
chr11	58483856	58603856	2
chr11	58923856	59723856	2
chr11	59963856	60003856	2
chr11	60083856	60403856	2
chr11	60443856	60483856	2
chr11	60723856	60803856	2
chr11	60923856	61403856	2
chr11	61403856	61443856	2
chr11	61483856	61643856	2
chr11	61843856	62683856	2
chr11	62763856	62883856	2
chr11	63563856	63683856	2
chr11	63683856	63803856	2
chr11	64203856	64363856	2
chr11	64563856	64603856	2
chr11	64603856	64643856	2
chr11	64803856	64963856	2
chr11	65003856	65923856	2
chr11	66363856	66483856	2
chr11	66523856	66563856	2
chr11	66603856	66803856	2
chr11	67283856	67323856	2
chr11	67603856	67643856	2
chr11	68083856	68123856	2
chr11	68283856	68403856	2
chr11	68443856	68483856	2
chr11	68883856	68923856	2
chr11	69003856	69283856	2
chr11	69323856	69523856	2
chr11	69523856	69723856	2
chr11	69843856	70003856	2
chr11	70443856	70563856	2
chr11	70923856	71003856	2
chr11	71163856	71403856	2
chr11	71483856	71563856	2
chr11	71683856	71803856	2
chr11	72403856	72603856	2
chr11	72963856	73043856	2
chr11	74403856	74483856	2
chr11	74523856	74563856	2
chr11	74683856	74723856	2
chr11	74803856	74923856	2
chr11	75003856	75363856	2
chr11	75443856	75563856	2
chr11	76003856	76043856	2
chr11	76043856	76123856	2
chr11	76483856	76683856	2
chr11	76923856	77003856	2
chr11	77123856	77323856	2
chr11	77363856	77563856	2
chr11	77683856	78043856	2
chr11	78643856	78763856	2
chr11	79043856	79363856	2
chr11	79603856	79763856	2
chr11	80003856	80083856	2
chr11	81283856	81683856	2
chr11	82203856	82483856	2
chr11	82603856	82763856	2
chr11	82883856	83043856	2
chr11	83083856	83123856	2
chr11	83683856	84163856	2
chr11	84323856	84363856	2
chr11	84523856	84563856	2
chr11	84763856	84803856	2
chr11	84843856	85123856	2
chr11	85203856	85243856	2
chr11	85483856	85923856	2
chr11	86043856	86083856	2
chr11	86283856	86403856	2
chr11	86643856	86683856	2
chr11	86763856	86803856	2
chr11	87203856	87403856	2
chr11	87843856	87883856	2
chr11	87963856	88163856	2
chr11	88203856	88443856	2
chr11	88483856	88643856	2
chr11	89003856	89083856	2
chr11	89243856	89683856	2
chr11	90043856	90483856	2
chr11	90603856	91283856	2
chr11	91643856	92123856	2
chr11	92203856	92323856	2
chr11	92563856	92843856	2
chr11	92843856	93203856	2
chr11	93483856	93523856	2
chr11	93923856	94003856	2
chr11	94243856	94923856	2
chr11	94923856	95363856	2
chr11	95643856	95683856	2
chr11	95803856	96163856	2
chr11	96163856	96603856	2
chr11	96803856	97123856	2
chr11	97203856	97483856	2
chr11	97603856	97643856	2
chr11	97643856	97963856	2
chr11	98003856	98163856	2
chr11	98843856	98883856	2
chr11	99963856	100043856	2
chr11	100363856	102843856	2
chr11	102883856	102923856	2
chr11	103083856	103163856	2
chr11	103323856	103563856	2
chr11	103603856	103923856	2
chr11	104083856	104283856	2
chr11	104363856	104923856	2
chr11	106323856	106363856	2
chr11	106483856	107083856	2
chr11	107403856	107603856	2
chr11	107963856	108083856	2
chr11	108083856	108163856	2
chr11	108563856	111523856	2
chr11	111803856	112003856	2
chr11	112483856	112643856	2
chr11	112843856	113003856	2
chr11	113043856	113523856	2
chr11	113763856	114323856	2
chr11	114363856	115203856	2
chr11	115323856	115483856	2
chr11	115643856	116883856	2
chr11	116923856	117083856	2
chr11	117243856	117603856	2
chr11	118363856	118843856	2
chr11	119203856	119283856	2
chr11	120283856	120323856	2
chr11	120563856	120683856	2
chr11	121003856	121163856	2
chr12	40000	80000	2
chr12	360000	760000	2
chr12	920000	1400000	2
chr12	2360000	4040000	2
chr12	5000000	6880000	2
chr12	7120000	7280000	2
chr12	7440000	7480000	2
chr12	7640000	7680000	2
chr12	8120000	8240000	2
chr12	8280000	9200000	2
chr12	9240000	9520000	2
chr12	9560000	9760000	2
chr12	9760000	10360000	2
chr12	10560000	10720000	2
chr12	10760000	12120000	2
chr12	12560000	13600000	2
chr12	13720000	13760000	2
chr12	13800000	13840000	2
chr12	13880000	14040000	2
chr12	14160000	14280000	2
chr12	14400000	14640000	2
chr12	14720000	15000000	2
chr12	15160000	15360000	2
chr12	15400000	15840000	2
chr12	15960000	16360000	2
chr12	16720000	16880000	2
chr12	17160000	17880000	2
chr12	18200000	18360000	2
chr12	18840000	18920000	2
chr12	18960000	19840000	2
chr12	20280000	20720000	2
chr12	20720000	21120000	2
chr12	21440000	21520000	2
chr12	21720000	22680000	2
chr12	22840000	23120000	2
chr12	26440000	26800000	2
chr12	26800000	27360000	2
chr12	27600000	27960000	2
chr12	28000000	28440000	2
chr12	28600000	28640000	2
chr12	29040000	29440000	2
chr12	29600000	29640000	2
chr12	29800000	29960000	2
chr12	30640000	30680000	2
chr12	30680000	30920000	2
chr12	31000000	31080000	2
chr12	31120000	31280000	2
chr12	31640000	31680000	2
chr12	31857530	31937530	2
chr12	32137530	32377530	2
chr12	32377530	32777530	2
chr12	32977530	33177530	2
chr12	33177530	33377530	2
chr12	34337530	34377530	2
chr12	34417530	34657530	2
chr12	34977530	35097530	2
chr12	35297530	35577530	2
chr12	35657530	35777530	2
chr12	35897530	36057530	2
chr12	36097530	36217530	2
chr12	36257530	36457530	2
chr12	36937530	37737530	2
chr12	37777530	38297530	2
chr12	38297530	38817530	2
chr12	39257530	40177530	2
chr12	40217530	40377530	2
chr12	40657530	41017530	2
chr12	41137530	41177530	2
chr12	41337530	41497530	2
chr12	41537530	41577530	2
chr12	41777530	41897530	2
chr12	42097530	42137530	2
chr12	42177530	42297530	2
chr12	42337530	42497530	2
chr12	42497530	42897530	2
chr12	43377530	43617530	2
chr12	44137530	44497530	2
chr12	44537530	44777530	2
chr12	44857530	45217530	2
chr12	46017530	46537530	2
chr12	46697530	47337530	2
chr12	47337530	47937530	2
chr12	48217530	49497530	2
chr12	49697530	49817530	2
chr12	49857530	49937530	2
chr12	50177530	50257530	2
chr12	50297530	50337530	2
chr12	50737530	50897530	2
chr12	50937530	51497530	2
chr12	51497530	51777530	2
chr12	51817530	52177530	2
chr12	52817530	53457530	2
chr12	53457530	53577530	2
chr12	53697530	54217530	2
chr12	54497530	54577530	2
chr12	54577530	55097530	2
chr12	55177530	55377530	2
chr12	55417530	55617530	2
chr12	55977530	56857530	2
chr12	57257530	57617530	2
chr12	57697530	57737530	2
chr12	57817530	59497530	2
chr12	59537530	59577530	2
chr12	59777530	59937530	2
chr12	59977530	60137530	2
chr12	60337530	62017530	2
chr12	62377530	62457530	2
chr12	62817530	63297530	2
chr12	63697530	64377530	2
chr12	64377530	64777530	2
chr12	64817530	65857530	2
chr12	66257530	66337530	2
chr12	66417530	66497530	2
chr12	66577530	67097530	2
chr12	67137530	67457530	2
chr12	67497530	67937530	2
chr12	67937530	68177530	2
chr12	69297530	70577530	2
chr12	74017530	74137530	2
chr12	74137530	74337530	2
chr12	74377530	74657530	2
chr12	74697530	75497530	2
chr12	75777530	75977530	2
chr12	76137530	76177530	2
chr12	76297530	76377530	2
chr12	76497530	77657530	2
chr12	77897530	77937530	2
chr12	77977530	78457530	2
chr12	78497530	78857530	2
chr12	79097530	79617530	2
chr12	79617530	79857530	2
chr12	80097530	81577530	2
chr12	82817530	82937530	2
chr12	82977530	83257530	2
chr12	83377530	84377530	2
chr12	84617530	85297530	2
chr12	85657530	85697530	2
chr12	85897530	86177530	2
chr12	86297530	86377530	2
chr12	87057530	87217530	2
chr12	87977530	88857530	2
chr12	88857530	88937530	2
chr12	89057530	89337530	2
chr12	89617530	89977530	2
chr12	90657530	91817530	2
chr12	91857530	91897530	2
chr12	92177530	92377530	2
chr12	92377530	93457530	2
chr12	93697530	94097530	2
chr12	94217530	94377530	2
chr12	94417530	94657530	2
chr12	94657530	94737530	2
chr12	94777530	94937530	2
chr12	95377530	95657530	2
chr12	96297530	96377530	2
chr12	96537530	98777530	2
chr12	99057530	99337530	2
chr12	99377530	99577530	2
chr12	99657530	100777530	2
chr12	100817530	100937530	2
chr12	101017530	102257530	2
chr12	102857530	103097530	2
chr12	103217530	103417530	2
chr12	103417530	103697530	2
chr12	103857530	104177530	2
chr12	105137530	105217530	2
chr12	105417530	105537530	2
chr12	105537530	105657530	2
chr12	105977530	106377530	2
chr12	106817530	108617530	2
chr12	108657530	108817530	2
chr12	108937530	109017530	2
chr12	109537530	109777530	2
chr12	113497530	114617530	2
chr12	115177530	115217530	2
chr12	115457530	115537530	2
chr12	115697530	116457530	2
chr12	116577530	116657530	2
chr12	116657530	116737530	2
chr12	116897530	117017530	2
chr12	117057530	117097530	2
chr12	117857530	119697530	2
chr12	120657530	120817530	2
chr12	120937530	121017530	2
chr13	240000	280000	2
chr13	280000	440000	2
chr13	480000	1160000	2
chr13	1360000	1520000	2
chr13	1760000	1800000	2
chr13	2200000	2800000	2
chr13	2920000	3000000	2
chr13	4600000	5360000	2
chr13	5480000	5560000	2
chr13	5640000	6480000	2
chr13	6520000	7920000	2
chr13	8040000	8280000	2
chr13	8320000	8400000	2
chr13	8440000	9200000	2
chr13	9520000	10440000	2
chr13	10720000	10840000	2
chr13	11000000	11520000	2
chr13	11560000	12200000	2
chr13	12240000	12400000	2
chr13	12440000	12640000	2
chr13	13440000	13600000	2
chr13	13600000	13800000	2
chr13	14120000	14880000	2
chr13	14880000	15240000	2
chr13	15400000	15520000	2
chr13	16000000	16040000	2
chr13	16120000	16320000	2
chr13	16520000	16600000	2
chr13	16640000	16760000	2
chr13	16840000	16880000	2
chr13	17000000	17480000	2
chr13	17640000	18680000	2
chr13	19280000	19360000	2
chr13	19800000	19840000	2
chr13	20000000	20520000	2
chr13	20560000	20880000	2
chr13	21040000	21280000	2
chr13	22080000	22760000	2
chr13	22920000	23000000	2
chr13	23200000	25000000	2
chr13	25800000	25880000	2
chr13	25960000	26080000	2
chr13	26240000	26480000	2
chr13	26680000	26960000	2
chr13	27000000	27480000	2
chr13	27520000	28360000	2
chr13	28560000	29400000	2
chr13	29800000	29840000	2
chr13	30080000	30160000	2
chr13	30160000	30960000	2
chr13	31040000	31160000	2
chr13	31280000	31360000	2
chr13	31400000	32680000	2
chr13	33440000	33520000	2
chr13	33880000	35160000	2
chr13	35440000	35480000	2
chr13	35520000	36000000	2
chr13	36160000	37200000	2
chr13	37360000	38160000	2
chr13	38240000	38280000	2
chr13	38880000	39120000	2
chr13	39244312	39884312	2
chr13	39964312	40204312	2
chr13	40484312	40604312	2
chr13	40604312	41004312	2
chr13	41044312	41644312	2
chr13	41844312	41924312	2
chr13	42084312	42364312	2
chr13	42404312	42724312	2
chr13	42764312	43124312	2
chr13	43204312	43444312	2
chr13	44124312	44164312	2
chr13	44164312	45044312	2
chr13	45084312	45284312	2
chr13	45324312	45644312	2
chr13	46004312	46244312	2
chr13	46284312	46884312	2
chr13	46924312	47524312	2
chr13	47844312	47884312	2
chr13	48764312	48844312	2
chr13	49044312	49084312	2
chr13	49324312	50564312	2
chr13	50724312	51124312	2
chr13	51284312	51404312	2
chr13	51484312	52124312	2
chr13	53324312	53924312	2
chr13	53924312	54204312	2
chr13	54244312	54684312	2
chr13	54924312	55244312	2
chr13	55764312	55844312	2
chr13	55964312	56684312	2
chr13	56804312	57044312	2
chr13	57124312	57884312	2
chr13	58044312	58084312	2
chr13	58284312	58564312	2
chr13	58684312	59284312	2
chr13	59684312	60884312	2
chr13	61004312	61164312	2
chr13	61284312	61364312	2
chr13	61564312	61604312	2
chr13	61764312	62644312	2
chr13	62804312	62844312	2
chr13	62884312	62924312	2
chr13	63004312	63044312	2
chr13	63124312	63404312	2
chr13	63564312	63964312	2
chr13	64204312	64244312	2
chr13	64724312	65844312	2
chr13	65924312	66124312	2
chr13	66244312	66284312	2
chr13	66404312	66444312	2
chr13	66484312	66604312	2
chr13	66764312	66804312	2
chr13	68444312	68724312	2
chr13	69084312	69244312	2
chr13	69404312	69684312	2
chr13	69884312	69924312	2
chr13	69924312	70044312	2
chr13	70444312	70484312	2
chr13	70724312	71124312	2
chr13	71164312	73324312	2
chr13	73444312	73484312	2
chr13	73524312	73644312	2
chr13	73844312	74804312	2
chr13	75124312	75204312	2
chr13	75324312	75564312	2
chr13	76204312	76284312	2
chr13	76404312	76524312	2
chr13	76564312	76804312	2
chr13	77324312	78364312	2
chr13	78924312	79084312	2
chr13	79164312	80044312	2
chr13	80084312	80164312	2
chr13	80164312	80444312	2
chr13	80484312	80844312	2
chr13	81204312	81364312	2
chr13	81564312	81884312	2
chr13	82044312	82244312	2
chr13	82244312	83364312	2
chr13	83444312	83524312	2
chr13	85204312	85284312	2
chr13	86164312	86204312	2
chr13	86244312	86284312	2
chr13	86604312	87164312	2
chr13	91524312	91604312	2
chr13	91724312	92444312	2
chr13	92764312	93204312	2
chr13	93204312	93484312	2
chr13	93524312	93604312	2
chr13	93644312	93764312	2
chr13	94044312	94204312	2
chr13	94244312	94284312	2
chr13	94404312	94804312	2
chr13	95564312	96564312	2
chr13	97204312	97324312	2
chr13	97364312	97524312	2
chr13	97724312	98044312	2
chr13	98244312	99044312	2
chr13	99404312	99524312	2
chr13	99564312	99724312	2
chr13	99724312	99764312	2
chr13	99924312	100004312	2
chr13	100004312	100204312	2
chr13	101124312	101164312	2
chr13	101164312	101244312	2
chr13	101364312	101404312	2
chr13	101644312	101764312	2
chr13	101804312	101964312	2
chr13	102564312	102964312	2
chr13	102964312	103084312	2
chr13	104004312	104324312	2
chr13	104324312	105604312	2
chr13	106644312	106764312	2
chr13	106804312	107444312	2
chr13	107764312	107804312	2
chr13	107964312	108084312	2
chr13	108404312	108844312	2
chr13	108884312	110084312	2
chr13	110204312	110284312	2
chr13	110684312	110884312	2
chr13	110884312	111404312	2
chr13	111764312	112364312	2
chr13	112484312	112564312	2
chr13	112764312	113044312	2
chr13	113684312	114284312	2
chr13	114404312	114724312	2
chr13	114844312	114924312	2
chr13	114924312	114964312	2
chr13	115324312	115444312	2
chr13	115524312	115764312	2
chr13	115884312	116764312	2
chr13	116884312	117164312	2
chr13	117324312	117604312	2
chr13	118084312	118124312	2
chr13	119404312	119564312	2
chr13	119604312	119724312	2
chr14	520000	3120000	2
chr14	3160000	4320000	2
chr14	8360000	8520000	2
chr14	8760000	8800000	2
chr14	8880000	8920000	2
chr14	9080000	9600000	2
chr14	9600000	10520000	2
chr14	10800000	11040000	2
chr14	11160000	11560000	2
chr14	12040000	12560000	2
chr14	14400000	15160000	2
chr14	15200000	18000000	2
chr14	18040000	20800000	2
chr14	20800000	22000000	2
chr14	22040000	23480000	2
chr14	23520000	24080000	2
chr14	24120000	25480000	2
chr14	26480000	27160000	2
chr14	27400000	27560000	2
chr14	28160000	31320000	2
chr14	32200000	32280000	2
chr14	33080000	33120000	2
chr14	33400000	33440000	2
chr14	33720000	35840000	2
chr14	37000000	37160000	2
chr14	37160000	37240000	2
chr14	37640000	41560000	2
chr14	42080000	42120000	2
chr14	42280000	42400000	2
chr14	42760000	42840000	2
chr14	43040000	43600000	2
chr14	43640000	44320000	2
chr14	44440000	44520000	2
chr14	44560000	49000000	2
chr14	49680000	49720000	2
chr14	49760000	50840000	2
chr14	51480000	52080000	2
chr14	52120000	54720000	2
chr14	54840000	55280000	2
chr14	55480000	55560000	2
chr14	55880000	56000000	2
chr14	56074864	56354864	2
chr14	56874864	57794864	2
chr14	58514864	59794864	2
chr14	60634864	60674864	2
chr14	60954864	61514864	2
chr14	62114864	62154864	2
chr14	62154864	62354864	2
chr14	62914864	63154864	2
chr14	64394864	66794864	2
chr14	66834864	67234864	2
chr14	67234864	68154864	2
chr14	68874864	70194864	2
chr14	70234864	71714864	2
chr14	72074864	73394864	2
chr14	74194864	76554864	2
chr14	76594864	76634864	2
chr14	79034864	81314864	2
chr14	81994864	82034864	2
chr14	82434864	84034864	2
chr14	84034864	84314864	2
chr14	84354864	84834864	2
chr14	85034864	85074864	2
chr14	85794864	86114864	2
chr14	86314864	86714864	2
chr14	86714864	87194864	2
chr14	87514864	87714864	2
chr14	88314864	89714864	2
chr14	89754864	90194864	2
chr14	90794864	90954864	2
chr14	91514864	91714864	2
chr14	92554864	92674864	2
chr14	92874864	94354864	2
chr14	94474864	95514864	2
chr14	95554864	95914864	2
chr14	96834864	97754864	2
chr14	97874864	99554864	2
chr14	99594864	100434864	2
chr14	100874864	101034864	2
chr14	101834864	102434864	2
chr14	103834864	104394864	2
chr14	105154864	105394864	2
chr14	105434864	105514864	2
chr14	105594864	105714864	2
chr14	105994864	107154864	2
chr14	107234864	109594864	2
chr14	109634864	111754864	2
chr14	111914864	114234864	2
chr14	114514864	114674864	2
chr14	114914864	115154864	2
chr14	115194864	115554864	2
chr15	480000	880000	2
chr15	1000000	1040000	2
chr15	1120000	2000000	2
chr15	3640000	3760000	2
chr15	4120000	4360000	2
chr15	4520000	4680000	2
chr15	4960000	5200000	2
chr15	5840000	6320000	2
chr15	6320000	6440000	2
chr15	7000000	7160000	2
chr15	7280000	7440000	2
chr15	7600000	8680000	2
chr15	8720000	8840000	2
chr15	9160000	9560000	2
chr15	9600000	9640000	2
chr15	9640000	9720000	2
chr15	9920000	10280000	2
chr15	10480000	10920000	2
chr15	10920000	11400000	2
chr15	11440000	12920000	2
chr15	12960000	13400000	2
chr15	13640000	13840000	2
chr15	13880000	14920000	2
chr15	16280000	16480000	2
chr15	16720000	16880000	2
chr15	17120000	17160000	2
chr15	17680000	17840000	2
chr15	18040000	18080000	2
chr15	18280000	18400000	2
chr15	18760000	18960000	2
chr15	18960000	19040000	2
chr15	19440000	19720000	2
chr15	20480000	20680000	2
chr15	21520000	21560000	2
chr15	21720000	21920000	2
chr15	22600000	22640000	2
chr15	23120000	24080000	2
chr15	25000000	25120000	2
chr15	25480000	25640000	2
chr15	25680000	25920000	2
chr15	26000000	26320000	2
chr15	26360000	26720000	2
chr15	27560000	27640000	2
chr15	31000000	33640000	2
chr15	33760000	34440000	2
chr15	34600000	34800000	2
chr15	34840000	35320000	2
chr15	35960000	36200000	2
chr15	36320000	36360000	2
chr15	36520000	37240000	2
chr15	37400000	39760000	2
chr15	39960000	40120000	2
chr15	40120000	40240000	2
chr15	40800000	41000000	2
chr15	41240000	41640000	2
chr15	42014974	42414974	2
chr15	42454974	42694974	2
chr15	42734974	43214974	2
chr15	43334974	43494974	2
chr15	43534974	43774974	2
chr15	43934974	44054974	2
chr15	44134974	44294974	2
chr15	44654974	45094974	2
chr15	45134974	45294974	2
chr15	45374974	45454974	2
chr15	45814974	45934974	2
chr15	46054974	46334974	2
chr15	46574974	46614974	2
chr15	46734974	46814974	2
chr15	46854974	47094974	2
chr15	48534974	49694974	2
chr15	49694974	49774974	2
chr15	50014974	50734974	2
chr15	50734974	51014974	2
chr15	51054974	51214974	2
chr15	51334974	51374974	2
chr15	52574974	52734974	2
chr15	52734974	52894974	2
chr15	53934974	54054974	2
chr15	54254974	54494974	2
chr15	55134974	55574974	2
chr15	55614974	56174974	2
chr15	56174974	56614974	2
chr15	56654974	56694974	2
chr15	57014974	57094974	2
chr15	57134974	57294974	2
chr15	57414974	57534974	2
chr15	57774974	58054974	2
chr15	58054974	58094974	2
chr15	58134974	58534974	2
chr15	58574974	59134974	2
chr15	59894974	60574974	2
chr15	60934974	61134974	2
chr15	61174974	61374974	2
chr15	61694974	61854974	2
chr15	62454974	63014974	2
chr15	63014974	63054974	2
chr15	63574974	63814974	2
chr15	64574974	64614974	2
chr15	64734974	64974974	2
chr15	65014974	65134974	2
chr15	65374974	65414974	2
chr15	65534974	65654974	2
chr15	65774974	65814974	2
chr15	66094974	67054974	2
chr15	67254974	68494974	2
chr15	68814974	69094974	2
chr15	69574974	69734974	2
chr15	69854974	70014974	2
chr15	70214974	70774974	2
chr15	70934974	71054974	2
chr15	73054974	73494974	2
chr15	73534974	73654974	2
chr15	73974974	74774974	2
chr15	74934974	75374974	2
chr15	75934974	76414974	2
chr15	76414974	76534974	2
chr15	76814974	76854974	2
chr15	77014974	77134974	2
chr15	77374974	78214974	2
chr15	78294974	79094974	2
chr15	79534974	79614974	2
chr15	79654974	79734974	2
chr15	79934974	80054974	2
chr15	80294974	80454974	2
chr15	80614974	80774974	2
chr15	80774974	80934974	2
chr15	81214974	81254974	2
chr15	81294974	81414974	2
chr15	81894974	81974974	2
chr15	82294974	82574974	2
chr15	83014974	83094974	2
chr15	83294974	83374974	2
chr15	83774974	83894974	2
chr15	84174974	84214974	2
chr15	84334974	84654974	2
chr15	84694974	84774974	2
chr15	85334974	85414974	2
chr15	86214974	86414974	2
chr15	86454974	86694974	2
chr15	86814974	86974974	2
chr15	87134974	87214974	2
chr15	87414974	87774974	2
chr15	88374974	89094974	2
chr15	89374974	89534974	2
chr15	89614974	89694974	2
chr15	89934974	90014974	2
chr15	90094974	90294974	2
chr15	90334974	90574974	2
chr15	90734974	91094974	2
chr15	91214974	91294974	2
chr15	91534974	91734974	2
chr15	92174974	92374974	2
chr15	92414974	93414974	2
chr15	93454974	93654974	2
chr15	93774974	93814974	2
chr15	94494974	94534974	2
chr15	94814974	95134974	2
chr15	95134974	96534974	2
chr15	96654974	96694974	2
chr15	96734974	96854974	2
chr15	97054974	97094974	2
chr15	97334974	98054974	2
chr15	98094974	98494974	2
chr15	98894974	99494974	2
chr15	100014974	100094974	2
chr15	100414974	100454974	2
chr15	100574974	100654974	2
chr15	100694974	100854974	2
chr15	100854974	100974974	2
chr15	101414974	101534974	2
chr15	101934974	102134974	2
chr15	102214974	102534974	2
chr15	102574974	103054974	2
chr16	400000	600000	2
chr16	720000	760000	2
chr16	920000	1040000	2
chr16	1080000	1120000	2
chr16	1200000	1400000	2
chr16	1560000	2120000	2
chr16	2360000	3360000	2
chr16	3400000	4480000	2
chr16	4480000	8080000	2
chr16	8600000	8720000	2
chr16	8880000	9000000	2
chr16	9480000	9920000	2
chr16	10280000	10320000	2
chr16	10720000	11400000	2
chr16	12120000	12320000	2
chr16	12600000	12960000	2
chr16	13560000	14360000	2
chr16	14680000	15680000	2
chr16	15800000	16200000	2
chr16	16440000	16520000	2
chr16	17320000	17360000	2
chr16	17440000	17520000	2
chr16	17760000	18560000	2
chr16	18600000	18680000	2
chr16	18880000	19080000	2
chr16	19560000	19680000	2
chr16	19760000	19880000	2
chr16	20280000	20480000	2
chr16	20800000	23880000	2
chr16	24080000	24520000	2
chr16	24880000	25080000	2
chr16	25400000	25600000	2
chr16	25880000	26920000	2
chr16	27200000	28120000	2
chr16	28160000	28200000	2
chr16	28720000	28760000	2
chr16	28880000	30000000	2
chr16	30320000	33520000	2
chr16	33800000	33880000	2
chr16	34120000	34280000	2
chr16	34400000	34440000	2
chr16	36280000	36320000	2
chr16	36600000	36880000	2
chr16	37240000	38120000	2
chr16	38360000	38840000	2
chr16	39600000	40200000	2
chr16	40360000	41160000	2
chr16	41920000	43160000	2
chr16	43240000	43800000	2
chr16	44040000	44160000	2
chr16	44320000	44360000	2
chr16	44640000	45200000	2
chr16	46200000	47480000	2
chr16	47680000	48200000	2
chr16	48240000	48440000	2
chr16	49600000	51480000	2
chr16	51880000	52320000	2
chr16	52960000	53040000	2
chr16	53200000	54080000	2
chr16	54440000	54600000	2
chr16	54800000	55160000	2
chr16	55240000	55400000	2
chr16	55560000	55680000	2
chr16	55800000	57720000	2
chr16	57880000	60160000	2
chr16	60200000	60960000	2
chr16	61080000	61240000	2
chr16	61680000	62680000	2
chr16	62680000	64560000	2
chr16	64800000	64920000	2
chr16	66000000	66080000	2
chr16	68480000	68760000	2
chr16	69360000	70640000	2
chr16	71200000	71280000	2
chr16	71520000	71560000	2
chr16	71560000	71760000	2
chr16	72800000	72920000	2
chr16	73040000	73120000	2
chr16	73360000	73400000	2
chr16	73440000	73640000	2
chr16	73800000	73840000	2
chr16	73920000	74240000	2
chr16	74360000	74600000	2
chr16	75200000	75640000	2
chr16	75920000	76160000	2
chr16	76320000	76360000	2
chr16	76360000	76920000	2
chr16	76960000	77360000	2
chr16	78080000	78120000	2
chr16	78440000	78680000	2
chr16	79040000	80080000	2
chr16	80120000	80200000	2
chr16	80320000	80400000	2
chr16	80560000	81000000	2
chr16	81320000	81640000	2
chr16	81960000	82680000	2
chr16	82960000	83040000	2
chr16	83160000	83360000	2
chr16	83519150	83799150	2
chr16	87679150	87719150	2
chr16	87719150	88879150	2
chr16	89919150	90959150	2
chr16	91479150	92199150	2
chr16	92559150	93359150	2
chr16	94119150	94719150	2
chr16	94839150	95919150	2
chr16	95959150	96319150	2
chr16	97679150	98119150	2
chr17	480000	760000	2
chr17	1240000	1320000	2
chr17	1520000	1560000	2
chr17	1720000	1840000	2
chr17	3520000	3680000	2
chr17	3800000	3960000	2
chr17	4120000	4200000	2
chr17	4400000	4480000	2
chr17	5040000	5480000	2
chr17	5520000	5880000	2
chr17	6320000	6640000	2
chr17	7400000	7920000	2
chr17	8080000	8320000	2
chr17	8480000	8880000	2
chr17	12040000	12520000	2
chr17	12680000	13200000	2
chr17	13440000	13840000	2
chr17	13960000	14080000	2
chr17	14120000	14400000	2
chr17	14440000	14600000	2
chr17	14800000	14880000	2
chr17	15760000	16040000	2
chr17	16040000	16080000	2
chr17	16240000	16920000	2
chr17	16960000	17040000	2
chr17	17040000	17280000	2
chr17	17400000	17760000	2
chr17	18600000	18720000	2
chr17	19800000	19960000	2
chr17	20000000	20080000	2
chr17	20120000	20440000	2
chr17	20480000	20720000	2
chr17	21112651	21752651	2
chr17	21792651	21872651	2
chr17	22232651	22552651	2
chr17	22672651	22992651	2
chr17	23032651	23152651	2
chr17	23192651	23632651	2
chr17	23952651	24192651	2
chr17	24872651	24912651	2
chr17	25072651	25152651	2
chr17	25192651	25312651	2
chr17	25632651	25792651	2
chr17	25952651	25992651	2
chr17	26232651	26512651	2
chr17	27152651	27432651	2
chr17	27552651	27632651	2
chr17	28512651	28912651	2
chr17	28952651	29192651	2
chr17	29312651	29512651	2
chr17	29552651	29672651	2
chr17	30112651	30352651	2
chr17	30392651	30632651	2
chr17	30912651	30952651	2
chr17	30952651	31192651	2
chr17	31912651	31952651	2
chr17	32312651	35312651	2
chr17	35352651	35472651	2
chr17	35592651	35832651	2
chr17	36032651	36112651	2
chr17	36152651	36272651	2
chr17	36272651	36352651	2
chr17	36392651	36672651	2
chr17	37472651	37872651	2
chr17	37992651	38152651	2
chr17	38272651	38672651	2
chr17	39312651	39432651	2
chr17	39432651	40032651	2
chr17	40392651	40792651	2
chr17	40912651	42072651	2
chr17	42112651	42792651	2
chr17	43552651	43592651	2
chr17	43592651	44112651	2
chr17	44232651	44272651	2
chr17	44392651	44472651	2
chr17	44512651	44752651	2
chr17	44872651	44952651	2
chr17	45152651	45392651	2
chr17	45432651	45712651	2
chr17	45752651	45912651	2
chr17	46032651	46072651	2
chr17	46112651	46192651	2
chr17	46352651	46552651	2
chr17	46592651	46752651	2
chr17	46792651	47312651	2
chr17	47992651	49872651	2
chr17	49912651	50152651	2
chr17	50192651	50232651	2
chr17	50392651	51272651	2
chr17	51312651	51472651	2
chr17	51592651	51632651	2
chr17	51672651	51712651	2
chr17	51992651	53552651	2
chr17	53952651	53992651	2
chr17	54112651	54352651	2
chr17	54752651	55312651	2
chr17	55352651	55632651	2
chr17	55752651	55832651	2
chr17	55952651	56072651	2
chr17	56112651	56192651	2
chr17	56472651	56552651	2
chr17	56592651	57992651	2
chr17	58112651	58152651	2
chr17	58392651	58512651	2
chr17	58712651	59392651	2
chr17	59512651	59952651	2
chr17	59992651	60072651	2
chr17	60192651	60312651	2
chr17	60432651	60672651	2
chr17	60872651	60912651	2
chr17	61712651	61792651	2
chr17	62072651	62272651	2
chr17	62432651	62712651	2
chr17	63312651	63792651	2
chr17	63912651	63992651	2
chr17	64352651	64432651	2
chr17	64472651	66952651	2
chr17	67472651	67512651	2
chr17	67552651	67672651	2
chr17	67832651	69432651	2
chr17	69472651	69512651	2
chr17	70032651	70432651	2
chr17	70632651	70672651	2
chr17	70912651	72192651	2
chr17	72352651	72392651	2
chr17	72432651	73032651	2
chr17	73152651	73432651	2
chr17	73552651	75592651	2
chr17	75752651	75832651	2
chr17	75872651	75912651	2
chr17	76512651	76752651	2
chr17	76792651	78712651	2
chr17	78832651	80112651	2
chr17	80152651	80232651	2
chr17	80272651	80432651	2
chr17	80472651	80752651	2
chr17	80792651	81912651	2
chr17	81952651	82072651	2
chr17	82192651	82392651	2
chr17	82432651	82712651	2
chr17	82752651	82992651	2
chr17	84072651	84112651	2
chr17	84232651	84792651	2
chr17	84832651	84952651	2
chr17	85072651	85792651	2
chr17	85832651	86152651	2
chr17	86272651	86832651	2
chr17	87072651	87312651	2
chr17	87512651	88072651	2
chr17	88112651	88152651	2
chr17	88312651	88392651	2
chr17	89072651	89632651	2
chr17	89792651	90032651	2
chr17	90072651	90112651	2
chr17	90152651	90512651	2
chr17	90632651	90712651	2
chr17	90992651	91192651	2
chr17	91352651	91672651	2
chr17	92032651	92152651	2
chr17	92192651	92352651	2
chr17	92592651	92792651	2
chr17	94712651	95032651	2
chr18	200000	280000	2
chr18	360000	480000	2
chr18	680000	1040000	2
chr18	1160000	1680000	2
chr18	1800000	1920000	2
chr18	1960000	2200000	2
chr18	2520000	5480000	2
chr18	5520000	5640000	2
chr18	6720000	8880000	2
chr18	8920000	9120000	2
chr18	9092031	9652031	2
chr18	9972031	10172031	2
chr18	10212031	10412031	2
chr18	10532031	10612031	2
chr18	10892031	11212031	2
chr18	11372031	11652031	2
chr18	12452031	12492031	2
chr18	12972031	13012031	2
chr18	13052031	13212031	2
chr18	13372031	13732031	2
chr18	13932031	14012031	2
chr18	14412031	15132031	2
chr18	15172031	15252031	2
chr18	15372031	15572031	2
chr18	15692031	15772031	2
chr18	15772031	16212031	2
chr18	16452031	16652031	2
chr18	16772031	17212031	2
chr18	17252031	17332031	2
chr18	17852031	18012031	2
chr18	18412031	18812031	2
chr18	18852031	18932031	2
chr18	19172031	19332031	2
chr18	19372031	19612031	2
chr18	19972031	20012031	2
chr18	20492031	20532031	2
chr18	20892031	21052031	2
chr18	21212031	21292031	2
chr18	21572031	21892031	2
chr18	22092031	22332031	2
chr18	22372031	22652031	2
chr18	22972031	23092031	2
chr18	23132031	23732031	2
chr18	23772031	24052031	2
chr18	24172031	24252031	2
chr18	24412031	25612031	2
chr18	25972031	26212031	2
chr18	26692031	26772031	2
chr18	27132031	27292031	2
chr18	27532031	27612031	2
chr18	27652031	28572031	2
chr18	28852031	28892031	2
chr18	29012031	29292031	2
chr18	29932031	30132031	2
chr18	30452031	32052031	2
chr18	32052031	32092031	2
chr18	32132031	32172031	2
chr18	32212031	32292031	2
chr18	32572031	32692031	2
chr18	32892031	32932031	2
chr18	33092031	33132031	2
chr18	33132031	33572031	2
chr18	33772031	33812031	2
chr18	34412031	34732031	2
chr18	34972031	35172031	2
chr18	35372031	35612031	2
chr18	35972031	36252031	2
chr18	36532031	36572031	2
chr18	36692031	36772031	2
chr18	36812031	36892031	2
chr18	37172031	38092031	2
chr18	38412031	38492031	2
chr18	38892031	39052031	2
chr18	39732031	39972031	2
chr18	40092031	41132031	2
chr18	41412031	41452031	2
chr18	42412031	42492031	2
chr18	42532031	42732031	2
chr18	42732031	43092031	2
chr18	43412031	43452031	2
chr18	44372031	44612031	2
chr18	44652031	44812031	2
chr18	44852031	45532031	2
chr18	45572031	45652031	2
chr18	45732031	45852031	2
chr18	45892031	46292031	2
chr18	46332031	46452031	2
chr18	46692031	48012031	2
chr18	48012031	48052031	2
chr18	48372031	48412031	2
chr18	48572031	48612031	2
chr18	48732031	48812031	2
chr18	48812031	48892031	2
chr18	48932031	48972031	2
chr18	49852031	49892031	2
chr18	50172031	50372031	2
chr18	50492031	50732031	2
chr18	50972031	51212031	2
chr18	51292031	51412031	2
chr18	52132031	52372031	2
chr18	52372031	53252031	2
chr18	53292031	53372031	2
chr18	53772031	53852031	2
chr18	54212031	54852031	2
chr18	55812031	56052031	2
chr18	56172031	56732031	2
chr18	56932031	57012031	2
chr18	57092031	57412031	2
chr18	57612031	57812031	2
chr18	58172031	58692031	2
chr18	58932031	59132031	2
chr18	59172031	59212031	2
chr18	59252031	59292031	2
chr18	59892031	60052031	2
chr18	60132031	60292031	2
chr18	60652031	60852031	2
chr18	61092031	61132031	2
chr18	61132031	61452031	2
chr18	61572031	61652031	2
chr18	61892031	62332031	2
chr18	63372031	63412031	2
chr18	63692031	63732031	2
chr18	63852031	63892031	2
chr18	64012031	64372031	2
chr18	64732031	64772031	2
chr18	64972031	65052031	2
chr18	65212031	65892031	2
chr18	66092031	66292031	2
chr18	67012031	67052031	2
chr18	67212031	67412031	2
chr18	67972031	68212031	2
chr18	68252031	68452031	2
chr18	68612031	69092031	2
chr18	70212031	70332031	2
chr18	70652031	70772031	2
chr18	70852031	71052031	2
chr18	71092031	71132031	2
chr18	71252031	71572031	2
chr18	71812031	71892031	2
chr18	72212031	73492031	2
chr18	73612031	73772031	2
chr18	73772031	73972031	2
chr18	74332031	74412031	2
chr18	74412031	74612031	2
chr18	74932031	75092031	2
chr18	75172031	75372031	2
chr18	75372031	75852031	2
chr18	76212031	76372031	2
chr18	76412031	76852031	2
chr18	77012031	77132031	2
chr18	77212031	77252031	2
chr18	77292031	77412031	2
chr18	77732031	77932031	2
chr18	77932031	78132031	2
chr18	78172031	78292031	2
chr18	78612031	78652031	2
chr18	78892031	79172031	2
chr18	79452031	79732031	2
chr18	79812031	80372031	2
chr18	80732031	80932031	2
chr18	81092031	81372031	2
chr18	81492031	82852031	2
chr18	82892031	82972031	2
chr18	86812031	86852031	2
chr18	87092031	87132031	2
chr18	87252031	88732031	2
chr18	88812031	88932031	2
chr18	89012031	89092031	2
chr18	89212031	89252031	2
chr18	89852031	90092031	2
chr18	90132031	90412031	2
chr19	200000	3080000	2
chr19	3080000	3320000	2
chr19	3560000	5080000	2
chr19	5520000	5880000	2
chr19	5960000	6600000	2
chr19	6800000	7120000	2
chr19	7360000	7800000	2
chr19	7960000	8040000	2
chr19	8840000	8880000	2
chr19	8920000	9560000	2
chr19	9960000	11880000	2
chr19	12120000	12200000	2
chr19	12520000	12920000	2
chr19	13280000	13400000	2
chr19	13760000	13800000	2
chr19	13920000	14000000	2
chr19	14080000	14840000	2
chr19	14880000	15520000	2
chr19	15560000	16640000	2
chr19	16840000	17120000	2
chr19	17280000	18120000	2
chr19	18240000	18360000	2
chr19	18920000	20200000	2
chr19	20400000	21520000	2
chr19	21600000	23520000	2
chr19	23560000	25240000	2
chr19	25400000	25600000	2
chr19	25800000	26880000	2
chr19	28360000	28840000	2
chr19	28960000	29280000	2
chr19	30560000	31000000	2
chr19	31320000	31440000	2
chr19	31640000	31680000	2
chr19	31960000	32080000	2
chr19	32440000	32520000	2
chr19	33040000	33400000	2
chr19	33760000	34560000	2
chr19	34560000	36080000	2
chr19	36120000	36240000	2
chr19	37160000	39440000	2
chr19	39520000	39880000	2
chr19	43240000	43320000	2
chr19	43480000	43960000	2
chr19	44120000	44280000	2
chr19	44520000	44840000	2
chr19	44982430	45062430	2
chr19	46062430	47382430	2
chr19	47462430	47502430	2
chr19	47782430	48022430	2
chr19	48182430	48262430	2
chr19	48342430	48382430	2
chr19	48622430	49062430	2
chr19	49182430	49822430	2
chr19	49982430	50302430	2
chr19	50342430	50782430	2
chr19	50982430	51142430	2
chr19	51422430	51742430	2
chr19	51942430	51982430	2
chr19	52342430	53222430	2
chr19	54542430	54822430	2
chr19	54982430	55182430	2
chr19	55422430	56262430	2
chr19	56302430	56782430	2
chr19	56982430	58022430	2
chr19	58062430	58582430	2
chr19	58902430	59182430	2
chr19	59182430	59422430	2
chr19	59982430	60022430	2
chr19	60742430	61062430	2
chr2	160000	600000	2
chr2	640000	840000	2
chr2	1200000	1480000	2
chr2	1720000	1920000	2
chr2	2240000	2440000	2
chr2	2560000	2960000	2
chr2	2960000	3400000	2
chr2	3440000	3520000	2
chr2	3680000	3760000	2
chr2	3880000	4000000	2
chr2	4000000	4080000	2
chr2	4920000	5120000	2
chr2	5160000	5240000	2
chr2	5440000	6160000	2
chr2	6200000	6600000	2
chr2	6760000	6960000	2
chr2	7000000	7880000	2
chr2	8360000	8400000	2
chr2	8760000	9560000	2
chr2	9720000	11400000	2
chr2	11520000	11680000	2
chr2	11680000	11720000	2
chr2	11920000	12000000	2
chr2	12120000	12200000	2
chr2	12200000	12320000	2
chr2	12600000	13040000	2
chr2	13440000	13880000	2
chr2	13920000	15240000	2
chr2	15360000	16080000	2
chr2	19320000	19440000	2
chr2	19600000	19720000	2
chr2	19760000	20200000	2
chr2	20440000	20560000	2
chr2	20680000	20800000	2
chr2	21120000	21320000	2
chr2	21720000	21800000	2
chr2	22440000	22840000	2
chr2	22840000	23520000	2
chr2	23560000	23960000	2
chr2	24560000	24760000	2
chr2	24800000	24880000	2
chr2	25240000	25920000	2
chr2	26000000	26200000	2
chr2	26240000	26640000	2
chr2	27040000	27720000	2
chr2	27720000	28120000	2
chr2	28960000	29320000	2
chr2	29800000	29840000	2
chr2	30040000	30160000	2
chr2	30200000	30520000	2
chr2	30680000	30800000	2
chr2	31440000	31480000	2
chr2	31640000	31680000	2
chr2	32120000	32520000	2
chr2	32560000	32600000	2
chr2	32720000	32760000	2
chr2	33200000	33320000	2
chr2	33360000	33600000	2
chr2	34000000	34120000	2
chr2	34160000	34400000	2
chr2	35120000	35400000	2
chr2	35400000	35600000	2
chr2	35720000	35800000	2
chr2	35880000	36240000	2
chr2	36280000	36520000	2
chr2	36560000	36680000	2
chr2	36960000	37000000	2
chr2	37600000	37800000	2
chr2	38000000	38360000	2
chr2	38480000	38920000	2
chr2	38920000	39160000	2
chr2	39680000	40040000	2
chr2	40240000	41680000	2
chr2	42240000	42400000	2
chr2	42760000	42800000	2
chr2	42920000	43000000	2
chr2	43440000	43600000	2
chr2	43840000	44160000	2
chr2	44280000	44800000	2
chr2	45360000	45680000	2
chr2	46040000	46200000	2
chr2	46280000	46600000	2
chr2	46600000	46640000	2
chr2	47640000	47840000	2
chr2	48160000	48240000	2
chr2	48320000	48440000	2
chr2	48640000	48800000	2
chr2	49040000	49120000	2
chr2	49160000	49200000	2
chr2	49720000	51320000	2
chr2	51360000	51880000	2
chr2	53360000	53440000	2
chr2	53600000	54640000	2
chr2	54960000	55760000	2
chr2	55760000	56280000	2
chr2	56680000	56720000	2
chr2	56720000	57560000	2
chr2	57880000	58280000	2
chr2	59240000	59320000	2
chr2	59440000	60040000	2
chr2	60120000	60160000	2
chr2	61840000	61880000	2
chr2	62000000	62280000	2
chr2	62480000	62880000	2
chr2	62880000	63080000	2
chr2	63240000	63640000	2
chr2	64160000	64360000	2
chr2	64400000	64720000	2
chr2	65000000	65800000	2
chr2	66240000	66320000	2
chr2	66440000	66600000	2
chr2	66640000	66800000	2
chr2	67280000	67320000	2
chr2	68040000	71120000	2
chr2	71120000	71200000	2
chr2	71240000	71320000	2
chr2	71720000	71800000	2
chr2	72240000	72440000	2
chr2	72480000	72880000	2
chr2	72960000	73080000	2
chr2	73360000	73400000	2
chr2	73440000	73800000	2
chr2	73920000	74160000	2
chr2	74280000	74440000	2
chr2	74720000	74960000	2
chr2	75080000	75360000	2
chr2	75560000	75640000	2
chr2	75880000	75920000	2
chr2	75960000	76040000	2
chr2	76160000	76200000	2
chr2	76320000	76400000	2
chr2	76400000	76720000	2
chr2	76840000	77200000	2
chr2	77280000	77440000	2
chr2	77680000	77840000	2
chr2	78080000	79000000	2
chr2	79360000	79520000	2
chr2	79600000	80320000	2
chr2	80440000	80800000	2
chr2	80840000	81120000	2
chr2	81360000	81440000	2
chr2	82040000	82200000	2
chr2	82280000	82320000	2
chr2	82320000	82400000	2
chr2	82520000	83160000	2
chr2	84000000	84600000	2
chr2	84640000	85080000	2
chr2	85120000	85320000	2
chr2	85560000	85600000	2
chr2	85640000	85720000	2
chr2	86160000	86520000	2
chr2	86880000	87520000	2
chr2	87800000	87960000	2
chr2	87960000	88440000	2
chr2	88640000	88760000	2
chr2	88880000	89400000	2
chr2	89520000	90400000	2
chr2	90920000	91040000	2
chr2	91160000	91200000	2
chr2	91560000	91600000	2
chr2	91760000	92080000	2
chr2	92720000	92920000	2
chr2	93000000	93120000	2
chr2	93520000	93640000	2
chr2	94760000	94920000	2
chr2	95080000	95800000	2
chr2	97360000	97480000	2
chr2	98240000	98320000	2
chr2	98680000	99000000	2
chr2	99200000	99280000	2
chr2	99280000	99360000	2
chr2	100320000	100640000	2
chr2	100880000	101040000	2
chr2	101120000	101200000	2
chr2	101600000	101640000	2
chr2	101840000	102280000	2
chr2	102360000	103360000	2
chr2	103360000	103760000	2
chr2	103800000	104120000	2
chr2	104320000	104480000	2
chr2	104600000	104880000	2
chr2	105280000	105440000	2
chr2	105560000	105720000	2
chr2	106440000	106480000	2
chr2	106480000	106520000	2
chr2	106600000	107440000	2
chr2	107480000	107520000	2
chr2	107560000	107960000	2
chr2	108000000	108320000	2
chr2	108360000	108480000	2
chr2	108720000	108880000	2
chr2	109120000	109160000	2
chr2	109360000	109560000	2
chr2	109880000	110280000	2
chr2	110560000	110720000	2
chr2	111160000	111280000	2
chr2	111440000	111520000	2
chr2	111760000	111880000	2
chr2	111960000	112080000	2
chr2	112280000	112400000	2
chr2	112920000	113360000	2
chr2	113400000	113560000	2
chr2	113640000	113760000	2
chr2	113920000	114360000	2
chr2	114560000	116080000	2
chr2	117480000	117720000	2
chr2	117800000	118400000	2
chr2	118560000	118800000	2
chr2	118800000	119080000	2
chr2	119120000	121080000	2
chr2	121120000	121280000	2
chr2	121320000	122040000	2
chr2	122080000	122400000	2
chr2	122760000	123200000	2
chr2	123240000	123440000	2
chr2	123680000	123760000	2
chr2	124000000	124160000	2
chr2	124160000	124280000	2
chr2	124440000	124800000	2
chr2	125080000	126840000	2
chr2	126960000	127200000	2
chr2	127320000	127720000	2
chr2	128800000	130240000	2
chr2	130400000	130520000	2
chr2	131160000	131240000	2
chr2	131320000	131880000	2
chr2	131920000	132000000	2
chr2	132480000	132840000	2
chr2	132880000	132960000	2
chr2	133000000	133160000	2
chr2	133280000	133480000	2
chr2	133560000	133640000	2
chr2	133840000	135080000	2
chr2	138120000	139480000	2
chr2	139560000	139720000	2
chr2	139960000	140520000	2
chr2	141320000	141440000	2
chr2	141640000	141920000	2
chr2	142280000	142360000	2
chr2	142588087	142628087	2
chr2	142828087	143788087	2
chr2	143988087	144188087	2
chr2	144308087	144508087	2
chr2	144628087	144868087	2
chr2	145188087	145228087	2
chr2	145308087	145348087	2
chr2	145508087	147108087	2
chr2	147308087	147548087	2
chr2	147668087	147868087	2
chr2	147948087	148108087	2
chr2	148148087	148228087	2
chr2	148428087	148508087	2
chr2	148548087	148588087	2
chr2	148588087	149948087	2
chr2	149988087	150748087	2
chr2	151588087	151868087	2
chr2	152068087	152108087	2
chr2	152588087	152628087	2
chr2	152988087	153428087	2
chr2	153748087	153908087	2
chr2	154108087	154188087	2
chr2	154548087	154668087	2
chr2	154828087	154908087	2
chr2	155068087	155148087	2
chr2	157828087	158588087	2
chr2	158708087	159108087	2
chr2	159148087	159268087	2
chr2	159548087	159908087	2
chr2	159908087	159948087	2
chr2	160108087	161548087	2
chr2	161668087	161708087	2
chr2	161868087	162428087	2
chr2	162628087	163748087	2
chr2	163788087	163868087	2
chr2	163908087	165668087	2
chr2	165948087	167588087	2
chr2	167628087	167788087	2
chr2	168828087	169228087	2
chr2	169348087	169388087	2
chr2	169388087	169628087	2
chr2	169668087	169828087	2
chr2	170188087	171188087	2
chr2	171188087	171468087	2
chr2	171548087	171708087	2
chr2	171948087	173188087	2
chr2	173388087	173508087	2
chr2	173748087	174228087	2
chr2	174268087	174508087	2
chr2	174548087	175148087	2
chr2	175148087	175268087	2
chr2	175588087	175748087	2
chr2	176388087	176428087	2
chr2	177108087	177148087	2
chr2	177268087	177428087	2
chr2	177628087	177668087	2
chr2	177788087	177988087	2
chr2	178028087	178228087	2
chr2	178428087	178868087	2
chr2	178988087	179268087	2
chr2	179468087	179628087	2
chr2	179948087	180028087	2
chr2	180588087	181108087	2
chr2	181468087	181628087	2
chr3	240000	560000	2
chr3	560000	1080000	2
chr3	1160000	2200000	2
chr3	2720000	2880000	2
chr3	3480000	3800000	2
chr3	3840000	4600000	2
chr3	4600000	5160000	2
chr3	5280000	5440000	2
chr3	5760000	5800000	2
chr3	6040000	6080000	2
chr3	6080000	6480000	2
chr3	6920000	7080000	2
chr3	7120000	7280000	2
chr3	7320000	7360000	2
chr3	7400000	7720000	2
chr3	7840000	8200000	2
chr3	8320000	8360000	2
chr3	8520000	8720000	2
chr3	8720000	9000000	2
chr3	9120000	9160000	2
chr3	9280000	9360000	2
chr3	9600000	9880000	2
chr3	9960000	10200000	2
chr3	10840000	11840000	2
chr3	12080000	12240000	2
chr3	12280000	12880000	2
chr3	13000000	13040000	2
chr3	13280000	13400000	2
chr3	14600000	14800000	2
chr3	15120000	16280000	2
chr3	16280000	16720000	2
chr3	16760000	17320000	2
chr3	17880000	18160000	2
chr3	18280000	18600000	2
chr3	18640000	18920000	2
chr3	18960000	19080000	2
chr3	19120000	19160000	2
chr3	19200000	19240000	2
chr3	19280000	19400000	2
chr3	20000000	20120000	2
chr3	20160000	21480000	2
chr3	21800000	22160000	2
chr3	22200000	26800000	2
chr3	26840000	27680000	2
chr3	27720000	27880000	2
chr3	27920000	28120000	2
chr3	28840000	29120000	2
chr3	29240000	29480000	2
chr3	29520000	29920000	2
chr3	29960000	30000000	2
chr3	30120000	30440000	2
chr3	30480000	30720000	2
chr3	30760000	31320000	2
chr3	31360000	31640000	2
chr3	32160000	32200000	2
chr3	32480000	32520000	2
chr3	32560000	32760000	2
chr3	32800000	34080000	2
chr3	34120000	34200000	2
chr3	34320000	34360000	2
chr3	34400000	34760000	2
chr3	34800000	35200000	2
chr3	35240000	35520000	2
chr3	36000000	36320000	2
chr3	36520000	37960000	2
chr3	38080000	38120000	2
chr3	38160000	39160000	2
chr3	39200000	39480000	2
chr3	39600000	39640000	2
chr3	39680000	40240000	2
chr3	40280000	41000000	2
chr3	41040000	41200000	2
chr3	41440000	41680000	2
chr3	41800000	42320000	2
chr3	42480000	42640000	2
chr3	42760000	42880000	2
chr3	43040000	43640000	2
chr3	43680000	43760000	2
chr3	44280000	44640000	2
chr3	44760000	45480000	2
chr3	45600000	47480000	2
chr3	47480000	47560000	2
chr3	47680000	47880000	2
chr3	48000000	48040000	2
chr3	48320000	48560000	2
chr3	48720000	48920000	2
chr3	49200000	49360000	2
chr3	49520000	49560000	2
chr3	49720000	49760000	2
chr3	50800000	50920000	2
chr3	51480000	51560000	2
chr3	52440000	52640000	2
chr3	52640000	52880000	2
chr3	52920000	53720000	2
chr3	54000000	54080000	2
chr3	54680000	55120000	2
chr3	55160000	55360000	2
chr3	56920000	56960000	2
chr3	58080000	58520000	2
chr3	58520000	58640000	2
chr3	60000000	60040000	2
chr3	60080000	60720000	2
chr3	62120000	62880000	2
chr3	62960000	63000000	2
chr3	63880000	64120000	2
chr3	64120000	64960000	2
chr3	65160000	65680000	2
chr3	65720000	66000000	2
chr3	66200000	66400000	2
chr3	66920000	66960000	2
chr3	67080000	68040000	2
chr3	68040000	68160000	2
chr3	68440000	68600000	2
chr3	68920000	69120000	2
chr3	69160000	69240000	2
chr3	69360000	69400000	2
chr3	69440000	69480000	2
chr3	69600000	69840000	2
chr3	70520000	70560000	2
chr3	70920000	71200000	2
chr3	71440000	71600000	2
chr3	71640000	71840000	2
chr3	72080000	72120000	2
chr3	72200000	72240000	2
chr3	72400000	73520000	2
chr3	73759783	73799783	2
chr3	74079783	74119783	2
chr3	74159783	74839783	2
chr3	75119783	75199783	2
chr3	75279783	75519783	2
chr3	76279783	76839783	2
chr3	76999783	77239783	2
chr3	77559783	78079783	2
chr3	78119783	78239783	2
chr3	78639783	78679783	2
chr3	80959783	81119783	2
chr3	81159783	82079783	2
chr3	82319783	82359783	2
chr3	82479783	82759783	2
chr3	82839783	82919783	2
chr3	83279783	83919783	2
chr3	84359783	84399783	2
chr3	84599783	84679783	2
chr3	84799783	84839783	2
chr3	85039783	85319783	2
chr3	86279783	86599783	2
chr3	88839783	88959783	2
chr3	88959783	89119783	2
chr3	89239783	89519783	2
chr3	90039783	90159783	2
chr3	90279783	90319783	2
chr3	90359783	90719783	2
chr3	90719783	90799783	2
chr3	90919783	90959783	2
chr3	91079783	91119783	2
chr3	91239783	91359783	2
chr3	91559783	91719783	2
chr3	91759783	91879783	2
chr3	92119783	92319783	2
chr3	92559783	92999783	2
chr3	93359783	93839783	2
chr3	94079783	94159783	2
chr3	94199783	94239783	2
chr3	94239783	94839783	2
chr3	95079783	95319783	2
chr3	95519783	95599783	2
chr3	95959783	96159783	2
chr3	96199783	96279783	2
chr3	96399783	96479783	2
chr3	96599783	96719783	2
chr3	97199783	97519783	2
chr3	97839783	98079783	2
chr3	98119783	98279783	2
chr3	98479783	98839783	2
chr3	98879783	99239783	2
chr3	100079783	100239783	2
chr3	100559783	100599783	2
chr3	101079783	101439783	2
chr3	101479783	101719783	2
chr3	101879783	101919783	2
chr3	102399783	102519783	2
chr3	103439783	103959783	2
chr3	103959783	103999783	2
chr3	104039783	104279783	2
chr3	105799783	105839783	2
chr3	106159783	106199783	2
chr3	106319783	106439783	2
chr3	106599783	106679783	2
chr3	113039783	113159783	2
chr3	113159783	113199783	2
chr3	113319783	113399783	2
chr3	114799783	115159783	2
chr3	115199783	115439783	2
chr3	115439783	115799783	2
chr3	116559783	116759783	2
chr3	116799783	116959783	2
chr3	117199783	117479783	2
chr3	117719783	117919783	2
chr3	117959783	118159783	2
chr3	118199783	118319783	2
chr3	118439783	118479783	2
chr3	118519783	118679783	2
chr3	118719783	119199783	2
chr3	119319783	119639783	2
chr3	119799783	119839783	2
chr3	119959783	120079783	2
chr3	120399783	120439783	2
chr3	120799783	122119783	2
chr3	122279783	122319783	2
chr3	122679783	123679783	2
chr3	123719783	123839783	2
chr3	123879783	124079783	2
chr3	124239783	124879783	2
chr3	124879783	125159783	2
chr3	125279783	125559783	2
chr3	126359783	126399783	2
chr3	126639783	126959783	2
chr3	127159783	127319783	2
chr3	127919783	128199783	2
chr3	128239783	128599783	2
chr3	128599783	128919783	2
chr3	129519783	129559783	2
chr3	129559783	129879783	2
chr3	130119783	130279783	2
chr3	130919783	131599783	2
chr3	131759783	131799783	2
chr3	132319783	132879783	2
chr3	132919783	133039783	2
chr3	133039783	133719783	2
chr3	133759783	134519783	2
chr3	134799783	134919783	2
chr3	135079783	135239783	2
chr3	135279783	135319783	2
chr3	135479783	135679783	2
chr3	135719783	136439783	2
chr3	136479783	136839783	2
chr3	136879783	137199783	2
chr3	137319783	138359783	2
chr3	138559783	138639783	2
chr3	138839783	138919783	2
chr3	139079783	139199783	2
chr3	140759783	141439783	2
chr3	141559783	141799783	2
chr3	141839783	142039783	2
chr3	142039783	142319783	2
chr3	142559783	142879783	2
chr3	142879783	142999783	2
chr3	143119783	143199783	2
chr3	143239783	143759783	2
chr3	143839783	144079783	2
chr3	144119783	144279783	2
chr3	144439783	144479783	2
chr3	144519783	144559783	2
chr3	144799783	145039783	2
chr3	145039783	145159783	2
chr3	145359783	145519783	2
chr3	146279783	146399783	2
chr3	146519783	146759783	2
chr3	146919783	147519783	2
chr3	147639783	148799783	2
chr3	148799783	148839783	2
chr3	148959783	149199783	2
chr3	149239783	149719783	2
chr3	150159783	150199783	2
chr3	150599783	150839783	2
chr3	151399783	151879783	2
chr3	151919783	151959783	2
chr3	154639783	154919783	2
chr3	154919783	155079783	2
chr3	155119783	156879783	2
chr3	156919783	157759783	2
chr3	157839783	158119783	2
chr3	158239783	158679783	2
chr3	158759783	158919783	2
chr3	158959783	159079783	2
chr3	159279783	159359783	2
chr4	200000	480000	2
chr4	840000	1640000	2
chr4	2040000	2440000	2
chr4	2520000	2600000	2
chr4	3120000	3200000	2
chr4	3440000	3480000	2
chr4	3480000	3520000	2
chr4	3560000	3720000	2
chr4	3880000	5440000	2
chr4	5920000	5960000	2
chr4	6080000	6120000	2
chr4	6240000	6280000	2
chr4	6880000	7680000	2
chr4	7720000	8000000	2
chr4	8240000	8640000	2
chr4	8680000	8720000	2
chr4	8840000	9040000	2
chr4	9040000	9200000	2
chr4	9400000	9800000	2
chr4	10200000	10240000	2
chr4	10480000	10600000	2
chr4	11240000	11480000	2
chr4	11840000	12040000	2
chr4	15600000	15840000	2
chr4	16040000	18120000	2
chr4	18480000	18680000	2
chr4	18680000	18800000	2
chr4	19000000	20160000	2
chr4	20720000	21200000	2
chr4	21280000	21360000	2
chr4	21720000	21800000	2
chr4	21840000	21880000	2
chr4	22280000	22600000	2
chr4	22600000	22800000	2
chr4	23120000	23160000	2
chr4	23280000	23520000	2
chr4	23720000	23960000	2
chr4	24000000	24040000	2
chr4	24280000	24880000	2
chr4	24880000	25520000	2
chr4	25640000	25760000	2
chr4	25840000	26000000	2
chr4	26040000	26440000	2
chr4	26480000	26560000	2
chr4	28400000	28600000	2
chr4	28640000	29800000	2
chr4	29800000	30040000	2
chr4	30240000	31200000	2
chr4	31800000	31960000	2
chr4	32000000	32040000	2
chr4	32160000	32520000	2
chr4	33840000	34120000	2
chr4	34280000	34400000	2
chr4	34440000	34480000	2
chr4	34760000	34800000	2
chr4	34920000	35000000	2
chr4	35000000	35280000	2
chr4	35480000	36040000	2
chr4	36080000	36120000	2
chr4	36440000	36480000	2
chr4	36600000	36720000	2
chr4	38720000	38760000	2
chr4	38880000	39040000	2
chr4	39160000	39200000	2
chr4	39440000	39480000	2
chr4	39680000	39720000	2
chr4	39760000	39920000	2
chr4	40600000	40960000	2
chr4	41200000	41800000	2
chr4	42200000	42480000	2
chr4	42480000	42800000	2
chr4	43040000	43080000	2
chr4	43120000	43200000	2
chr4	43200000	43280000	2
chr4	43880000	44080000	2
chr4	44120000	44280000	2
chr4	44480000	45120000	2
chr4	45960000	47120000	2
chr4	47480000	48480000	2
chr4	48600000	48640000	2
chr4	48680000	49000000	2
chr4	49120000	49400000	2
chr4	49800000	49920000	2
chr4	50000000	50080000	2
chr4	50280000	50360000	2
chr4	50760000	50880000	2
chr4	51040000	51200000	2
chr4	51360000	51400000	2
chr4	51640000	52360000	2
chr4	52560000	53040000	2
chr4	53440000	53880000	2
chr4	54080000	54160000	2
chr4	54280000	54400000	2
chr4	54600000	55040000	2
chr4	55040000	55680000	2
chr4	56120000	57480000	2
chr4	57480000	58160000	2
chr4	59000000	59080000	2
chr4	59120000	60200000	2
chr4	60520000	60720000	2
chr4	60840000	61240000	2
chr4	61360000	61400000	2
chr4	61640000	61920000	2
chr4	61920000	62080000	2
chr4	62280000	63080000	2
chr4	63120000	63440000	2
chr4	63680000	63720000	2
chr4	63840000	63920000	2
chr4	63920000	64320000	2
chr4	64640000	64760000	2
chr4	65400000	65560000	2
chr4	65960000	66040000	2
chr4	66080000	66160000	2
chr4	67040000	67560000	2
chr4	70320000	70640000	2
chr4	70840000	70960000	2
chr4	72320000	72440000	2
chr4	72640000	73120000	2
chr4	73240000	73360000	2
chr4	73400000	73440000	2
chr4	73480000	73600000	2
chr4	73600000	73920000	2
chr4	74280000	74960000	2
chr4	75240000	76880000	2
chr4	76960000	77160000	2
chr4	77560000	78320000	2
chr4	78360000	78560000	2
chr4	79000000	79040000	2
chr4	79520000	79680000	2
chr4	79720000	81080000	2
chr4	81200000	81720000	2
chr4	82000000	82440000	2
chr4	82520000	82560000	2
chr4	82800000	83120000	2
chr4	84080000	84120000	2
chr4	84120000	84280000	2
chr4	84400000	84560000	2
chr4	84880000	85000000	2
chr4	85000000	85640000	2
chr4	85680000	86400000	2
chr4	87040000	87080000	2
chr4	87280000	87320000	2
chr4	87440000	87840000	2
chr4	87960000	88000000	2
chr4	88040000	88440000	2
chr4	88640000	89400000	2
chr4	89600000	89720000	2
chr4	89960000	90080000	2
chr4	90160000	90320000	2
chr4	90480000	91040000	2
chr4	91240000	92680000	2
chr4	92720000	92760000	2
chr4	92760000	94160000	2
chr4	94440000	94600000	2
chr4	94840000	95520000	2
chr4	95560000	97160000	2
chr4	97200000	97440000	2
chr4	97480000	98680000	2
chr4	98720000	99160000	2
chr4	99360000	99800000	2
chr4	99880000	100080000	2
chr4	100600000	100960000	2
chr4	101000000	101320000	2
chr4	101360000	101600000	2
chr4	101920000	101960000	2
chr4	102000000	102320000	2
chr4	103320000	103480000	2
chr4	103960000	104080000	2
chr4	104360000	104760000	2
chr4	104800000	104920000	2
chr4	105320000	105520000	2
chr4	105600000	106160000	2
chr4	106800000	107200000	2
chr4	107480000	107560000	2
chr4	108070120	108270120	2
chr4	108430120	108990120	2
chr4	109030120	109430120	2
chr4	109630120	109710120	2
chr4	109750120	109870120	2
chr4	110750120	110910120	2
chr4	112870120	113510120	2
chr4	113630120	114110120	2
chr4	114230120	114270120	2
chr4	114390120	114430120	2
chr4	114710120	114750120	2
chr4	115030120	115110120	2
chr4	115830120	115990120	2
chr4	116550120	116590120	2
chr4	116630120	116830120	2
chr4	116910120	116990120	2
chr4	117190120	117230120	2
chr4	118110120	119390120	2
chr4	119430120	119470120	2
chr4	119630120	120030120	2
chr4	120830120	121150120	2
chr4	121710120	122270120	2
chr4	122550120	122630120	2
chr4	122710120	123230120	2
chr4	123230120	123430120	2
chr4	123550120	123830120	2
chr4	124350120	124750120	2
chr4	125430120	126390120	2
chr4	126550120	126590120	2
chr4	126630120	126870120	2
chr4	128030120	128110120	2
chr4	128230120	128270120	2
chr4	128350120	128590120	2
chr4	129190120	129310120	2
chr4	129350120	129470120	2
chr4	129470120	129550120	2
chr4	129670120	130070120	2
chr4	130070120	130310120	2
chr4	130590120	131070120	2
chr4	131550120	131590120	2
chr4	131590120	132950120	2
chr4	132990120	133310120	2
chr4	134350120	134630120	2
chr4	135110120	135150120	2
chr4	135190120	135710120	2
chr4	135750120	136670120	2
chr4	136870120	137550120	2
chr4	137670120	137710120	2
chr4	137910120	138030120	2
chr4	138070120	138310120	2
chr4	138670120	138990120	2
chr4	139190120	139310120	2
chr4	140950120	141030120	2
chr4	141230120	142550120	2
chr4	142590120	142670120	2
chr4	142870120	142910120	2
chr4	142950120	143030120	2
chr4	143110120	143390120	2
chr4	143510120	143550120	2
chr4	143590120	143630120	2
chr4	143830120	143910120	2
chr4	144030120	144110120	2
chr4	144310120	144390120	2
chr4	144990120	145550120	2
chr4	145790120	146030120	2
chr4	146110120	146230120	2
chr4	146510120	146830120	2
chr4	147270120	147350120	2
chr4	147710120	147910120	2
chr4	148110120	148270120	2
chr4	148310120	148430120	2
chr4	148710120	149150120	2
chr4	150270120	150550120	2
chr4	150870120	151070120	2
chr4	151550120	152750120	2
chr4	153110120	155390120	2
chr5	560000	680000	2
chr5	920000	1480000	2
chr5	1560000	1600000	2
chr5	1840000	1880000	2
chr5	2960000	3240000	2
chr5	3280000	3960000	2
chr5	4160000	4480000	2
chr5	4600000	4800000	2
chr5	4840000	5200000	2
chr5	5680000	5800000	2
chr5	6000000	6040000	2
chr5	6080000	6320000	2
chr5	6800000	7840000	2
chr5	8000000	8120000	2
chr5	9280000	9880000	2
chr5	9880000	10600000	2
chr5	11880000	12360000	2
chr5	12360000	12680000	2
chr5	13120000	14560000	2
chr5	15240000	15640000	2
chr5	15880000	17560000	2
chr5	17800000	18320000	2
chr5	18880000	19520000	2
chr5	19840000	19880000	2
chr5	19920000	20200000	2
chr5	20600000	20680000	2
chr5	21240000	21320000	2
chr5	21800000	22720000	2
chr5	22840000	23240000	2
chr5	23240000	23520000	2
chr5	23560000	23640000	2
chr5	23680000	23760000	2
chr5	23800000	24520000	2
chr5	24640000	25400000	2
chr5	25960000	26040000	2
chr5	26320000	26400000	2
chr5	26520000	26640000	2
chr5	27120000	27160000	2
chr5	27320000	27480000	2
chr5	27840000	28440000	2
chr5	28520000	29560000	2
chr5	29720000	29760000	2
chr5	30240000	30800000	2
chr5	30840000	31320000	2
chr5	31360000	31720000	2
chr5	32000000	32240000	2
chr5	32440000	32480000	2
chr5	32520000	32560000	2
chr5	32720000	32920000	2
chr5	33080000	33640000	2
chr5	34240000	34560000	2
chr5	34720000	34760000	2
chr5	35080000	35320000	2
chr5	35760000	35800000	2
chr5	36720000	37520000	2
chr5	37560000	37960000	2
chr5	38040000	38480000	2
chr5	38520000	38960000	2
chr5	40040000	40160000	2
chr5	40320000	40400000	2
chr5	40720000	41160000	2
chr5	41360000	41960000	2
chr5	42280000	42320000	2
chr5	42360000	42800000	2
chr5	43040000	43680000	2
chr5	43880000	44240000	2
chr5	44240000	44480000	2
chr5	45080000	46120000	2
chr5	46760000	47880000	2
chr5	48160000	48680000	2
chr5	49120000	49160000	2
chr5	49440000	49520000	2
chr5	49560000	49720000	2
chr5	50400000	51320000	2
chr5	52000000	52560000	2
chr5	52920000	52960000	2
chr5	53240000	53600000	2
chr5	53880000	53920000	2
chr5	53960000	54000000	2
chr5	54040000	54080000	2
chr5	54280000	54320000	2
chr5	54320000	54360000	2
chr5	54640000	55600000	2
chr5	55760000	55800000	2
chr5	56080000	56400000	2
chr5	56440000	56480000	2
chr5	56520000	56560000	2
chr5	56720000	57440000	2
chr5	57600000	58120000	2
chr5	58240000	58280000	2
chr5	58480000	58680000	2
chr5	58920000	58960000	2
chr5	59080000	60280000	2
chr5	60320000	60360000	2
chr5	60640000	60680000	2
chr5	60800000	61840000	2
chr5	62040000	62720000	2
chr5	63000000	63080000	2
chr5	63240000	64120000	2
chr5	64360000	64440000	2
chr5	64640000	64680000	2
chr5	64720000	64760000	2
chr5	65040000	65440000	2
chr5	65600000	65920000	2
chr5	66560000	66760000	2
chr5	66760000	67120000	2
chr5	67160000	67440000	2
chr5	67680000	68560000	2
chr5	68680000	68760000	2
chr5	69160000	69720000	2
chr5	69760000	70240000	2
chr5	70280000	70560000	2
chr5	70560000	70800000	2
chr5	71280000	71320000	2
chr5	71960000	72320000	2
chr5	72760000	73720000	2
chr5	74120000	74280000	2
chr5	74320000	75840000	2
chr5	76040000	76200000	2
chr5	76800000	77520000	2
chr5	77560000	80800000	2
chr5	80800000	81320000	2
chr5	81560000	81800000	2
chr5	81800000	82120000	2
chr5	82160000	82240000	2
chr5	82400000	83040000	2
chr5	83280000	83320000	2
chr5	84040000	84080000	2
chr5	84080000	85480000	2
chr5	85760000	85920000	2
chr5	85960000	86000000	2
chr5	86440000	86480000	2
chr5	87200000	87520000	2
chr5	87560000	87600000	2
chr5	87600000	87840000	2
chr5	88000000	88120000	2
chr5	91520000	93240000	2
chr5	93240000	94880000	2
chr5	95200000	95360000	2
chr5	96040000	96360000	2
chr5	96360000	96600000	2
chr5	96720000	96760000	2
chr5	97120000	97200000	2
chr5	97520000	97560000	2
chr5	97680000	98120000	2
chr5	98160000	98200000	2
chr5	98520000	98800000	2
chr5	99880000	100600000	2
chr5	100600000	101040000	2
chr5	101080000	101240000	2
chr5	101280000	101760000	2
chr5	102120000	102160000	2
chr5	102280000	102480000	2
chr5	102880000	102960000	2
chr5	103560000	103640000	2
chr5	104080000	104320000	2
chr5	104320000	105240000	2
chr5	105920000	106120000	2
chr5	106560000	107000000	2
chr5	107600000	108120000	2
chr5	108240000	110800000	2
chr5	110800000	111120000	2
chr5	111400000	111640000	2
chr5	111960000	112360000	2
chr5	112560000	114480000	2
chr5	114480000	114960000	2
chr5	115240000	115480000	2
chr5	116080000	116120000	2
chr5	116360000	116520000	2
chr5	116560000	117000000	2
chr5	117400000	118040000	2
chr5	118080000	118440000	2
chr5	119240000	119320000	2
chr5	119520000	120960000	2
chr5	121440000	123120000	2
chr5	123400000	123440000	2
chr5	123480000	124480000	2
chr5	124600000	124640000	2
chr5	124880000	125320000	2
chr5	125560000	125800000	2
chr5	125840000	125960000	2
chr5	126080000	126560000	2
chr5	126680000	126720000	2
chr5	126960000	127120000	2
chr5	127480000	128240000	2
chr5	128680000	129000000	2
chr5	129400000	129440000	2
chr5	130680000	131000000	2
chr5	131360000	131680000	2
chr5	132200000	132720000	2
chr5	132840000	134120000	2
chr5	134280000	134400000	2
chr5	134520000	134760000	2
chr5	135800000	135880000	2
chr5	136560000	137360000	2
chr5	137737259	137857259	2
chr5	137897259	138537259	2
chr5	138857259	138897259	2
chr5	138897259	139057259	2
chr5	140257259	140457259	2
chr5	140577259	141217259	2
chr5	141817259	142417259	2
chr5	142457259	142697259	2
chr5	142937259	143337259	2
chr5	143497259	143817259	2
chr5	144257259	144417259	2
chr5	144737259	144817259	2
chr5	147457259	147737259	2
chr5	148137259	149217259	2
chr5	149417259	149897259	2
chr5	150017259	150057259	2
chr5	151257259	151497259	2
chr5	151537259	152377259	2
chr6	360000	440000	2
chr6	720000	1320000	2
chr6	1840000	1880000	2
chr6	2400000	2640000	2
chr6	3040000	3880000	2
chr6	3880000	3960000	2
chr6	4480000	4520000	2
chr6	4720000	5080000	2
chr6	5280000	5320000	2
chr6	5320000	5960000	2
chr6	6360000	6480000	2
chr6	6840000	7600000	2
chr6	7640000	8040000	2
chr6	8400000	8440000	2
chr6	8840000	8880000	2
chr6	8880000	9080000	2
chr6	9200000	9240000	2
chr6	11200000	11240000	2
chr6	13080000	13120000	2
chr6	13440000	13800000	2
chr6	13800000	14240000	2
chr6	14400000	14440000	2
chr6	16280000	16400000	2
chr6	17320000	18200000	2
chr6	19360000	19480000	2
chr6	19520000	19720000	2
chr6	19760000	20760000	2
chr6	20880000	22360000	2
chr6	22400000	22880000	2
chr6	22920000	23640000	2
chr6	23680000	24720000	2
chr6	25880000	26080000	2
chr6	26720000	26760000	2
chr6	26840000	27120000	2
chr6	27560000	28200000	2
chr6	29240000	30520000	2
chr6	31880000	32160000	2
chr6	32200000	32520000	2
chr6	33040000	33240000	2
chr6	33280000	33440000	2
chr6	33480000	33960000	2
chr6	34120000	34280000	2
chr6	34680000	36360000	2
chr6	36480000	37480000	2
chr6	38840000	38920000	2
chr6	39160000	40200000	2
chr6	40240000	41120000	2
chr6	41160000	43920000	2
chr6	44400000	44680000	2
chr6	44800000	44840000	2
chr6	44880000	44920000	2
chr6	44920000	44960000	2
chr6	45080000	45160000	2
chr6	45800000	45840000	2
chr6	46240000	46280000	2
chr6	46280000	46640000	2
chr6	47240000	47760000	2
chr6	47760000	48160000	2
chr6	48320000	48480000	2
chr6	48840000	48920000	2
chr6	49240000	49640000	2
chr6	49680000	50000000	2
chr6	50040000	50080000	2
chr6	50440000	50520000	2
chr6	50800000	51160000	2
chr6	51440000	52360000	2
chr6	52360000	52760000	2
chr6	53720000	54000000	2
chr6	54280000	54800000	2
chr6	55040000	55320000	2
chr6	55360000	55440000	2
chr6	56320000	58080000	2
chr6	58120000	58560000	2
chr6	58800000	58840000	2
chr6	59240000	61480000	2
chr6	61520000	62000000	2
chr6	62240000	62880000	2
chr6	63040000	63240000	2
chr6	64840000	64960000	2
chr6	65120000	65160000	2
chr6	65200000	65600000	2
chr6	65680000	66120000	2
chr6	66160000	66960000	2
chr6	67160000	67240000	2
chr6	67560000	67960000	2
chr6	68000000	68640000	2
chr6	69360000	69560000	2
chr6	69560000	69640000	2
chr6	70160000	70360000	2
chr6	70600000	71040000	2
chr6	71040000	71640000	2
chr6	71880000	72800000	2
chr6	73000000	73560000	2
chr6	73560000	74280000	2
chr6	74680000	74800000	2
chr6	75040000	75600000	2
chr6	75880000	75960000	2
chr6	76240000	76360000	2
chr6	77840000	77880000	2
chr6	78200000	80000000	2
chr6	80600000	80880000	2
chr6	80960000	81040000	2
chr6	81040000	81200000	2
chr6	81600000	83280000	2
chr6	83840000	84520000	2
chr6	84760000	85440000	2
chr6	85800000	87640000	2
chr6	87680000	87760000	2
chr6	87800000	88480000	2
chr6	88480000	90560000	2
chr6	90880000	91400000	2
chr6	91640000	91760000	2
chr6	91920000	92240000	2
chr6	92640000	92680000	2
chr6	92720000	93120000	2
chr6	93440000	93560000	2
chr6	93680000	93760000	2
chr6	94320000	95040000	2
chr6	95200000	95520000	2
chr6	95560000	95720000	2
chr6	96720000	96760000	2
chr6	96920000	98960000	2
chr6	99080000	99360000	2
chr6	99400000	100000000	2
chr6	100320000	100480000	2
chr6	100520000	100680000	2
chr6	100960000	101160000	2
chr6	102160000	102680000	2
chr6	102960000	103920000	2
chr6	104040000	104920000	2
chr6	104960000	106480000	2
chr6	106520000	107520000	2
chr6	107640000	108360000	2
chr6	108440000	108680000	2
chr6	108960000	109160000	2
chr6	109360000	111440000	2
chr6	111920000	111960000	2
chr6	112200000	113480000	2
chr6	113840000	113920000	2
chr6	114000000	114320000	2
chr6	114360000	114960000	2
chr6	115040000	115320000	2
chr6	115480000	115520000	2
chr6	115680000	116080000	2
chr6	116120000	116520000	2
chr6	117480000	118240000	2
chr6	118480000	119280000	2
chr6	119480000	119600000	2
chr6	120040000	120160000	2
chr6	120160000	120240000	2
chr6	121160000	121200000	2
chr6	121480000	121800000	2
chr6	121840000	122440000	2
chr6	123240000	123520000	2
chr6	124040000	124200000	2
chr6	124600000	125120000	2
chr6	125440000	125960000	2
chr6	125960000	126640000	2
chr6	127480000	128600000	2
chr6	128717037	130757037	2
chr6	131197037	131437037	2
chr6	131757037	131917037	2
chr6	132557037	133437037	2
chr6	133637037	133957037	2
chr6	136117037	136957037	2
chr6	137277037	137397037	2
chr6	137517037	138237037	2
chr6	138917037	139197037	2
chr6	139397037	140077037	2
chr6	140357037	140477037	2
chr6	140997037	142237037	2
chr6	142277037	143997037	2
chr6	144477037	144797037	2
chr6	144917037	145197037	2
chr6	145557037	145637037	2
chr6	145997037	146037037	2
chr7	200000	360000	2
chr7	760000	800000	2
chr7	920000	1880000	2
chr7	1920000	2080000	2
chr7	2960000	3000000	2
chr7	3280000	3440000	2
chr7	3760000	4000000	2
chr7	4040000	4320000	2
chr7	4440000	4960000	2
chr7	5120000	5560000	2
chr7	5600000	5680000	2
chr7	5720000	5920000	2
chr7	5960000	6280000	2
chr7	6320000	6800000	2
chr7	6840000	7320000	2
chr7	7360000	7960000	2
chr7	8080000	8480000	2
chr7	8600000	9320000	2
chr7	9360000	9600000	2
chr7	9640000	10120000	2
chr7	10160000	10840000	2
chr7	11080000	11200000	2
chr7	11240000	11520000	2
chr7	11560000	13000000	2
chr7	13040000	13520000	2
chr7	13560000	14320000	2
chr7	14360000	14840000	2
chr7	14880000	15360000	2
chr7	15360000	17480000	2
chr7	17520000	17920000	2
chr7	17960000	18400000	2
chr7	18440000	19640000	2
chr7	19680000	19800000	2
chr7	19960000	20080000	2
chr7	20120000	20360000	2
chr7	20520000	20880000	2
chr7	21120000	21280000	2
chr7	21600000	21800000	2
chr7	21840000	22400000	2
chr7	22440000	22640000	2
chr7	26880000	27200000	2
chr7	27200000	27440000	2
chr7	27960000	28040000	2
chr7	28080000	28280000	2
chr7	28320000	28520000	2
chr7	28560000	28600000	2
chr7	28640000	28920000	2
chr7	29120000	30600000	2
chr7	30640000	31040000	2
chr7	31080000	31600000	2
chr7	31640000	32200000	2
chr7	32200000	32440000	2
chr7	33800000	33920000	2
chr7	34160000	34240000	2
chr7	34960000	35920000	2
chr7	36000000	36080000	2
chr7	36720000	37200000	2
chr7	37240000	37640000	2
chr7	37840000	38000000	2
chr7	38040000	38400000	2
chr7	38640000	38800000	2
chr7	38920000	39000000	2
chr7	39080000	39200000	2
chr7	40160000	41080000	2
chr7	41120000	41800000	2
chr7	41840000	42080000	2
chr7	42200000	42920000	2
chr7	42960000	43120000	2
chr7	43160000	43840000	2
chr7	43880000	44080000	2
chr7	44120000	44160000	2
chr7	44360000	44400000	2
chr7	44560000	44760000	2
chr7	44800000	45720000	2
chr7	45760000	45880000	2
chr7	46000000	46320000	2
chr7	46360000	46480000	2
chr7	46520000	46920000	2
chr7	46960000	47960000	2
chr7	48000000	51960000	2
chr7	52080000	54920000	2
chr7	54960000	55200000	2
chr7	55240000	55400000	2
chr7	55600000	56040000	2
chr7	56840000	57120000	2
chr7	57600000	57760000	2
chr7	57800000	58240000	2
chr7	59040000	59120000	2
chr7	59160000	59600000	2
chr7	59640000	59720000	2
chr7	60200000	60400000	2
chr7	60404553	60524553	2
chr7	60564553	60604553	2
chr7	61164553	61604553	2
chr7	61724553	61844553	2
chr7	61884553	61924553	2
chr7	62364553	62564553	2
chr7	62684553	62924553	2
chr7	63084553	63164553	2
chr7	63204553	63404553	2
chr7	63444553	63644553	2
chr7	63684553	64004553	2
chr7	64044553	64124553	2
chr7	64164553	64444553	2
chr7	64444553	64804553	2
chr7	65444553	65764553	2
chr7	65844553	66084553	2
chr7	66124553	66324553	2
chr7	67564553	67684553	2
chr7	67804553	68444553	2
chr7	68484553	68804553	2
chr7	68844553	69644553	2
chr7	69684553	70004553	2
chr7	70004553	70244553	2
chr7	70284553	70564553	2
chr7	70604553	70804553	2
chr7	70924553	71324553	2
chr7	71364553	71484553	2
chr7	71524553	71844553	2
chr7	72884553	72924553	2
chr7	73844553	74484553	2
chr7	74604553	74764553	2
chr7	75084553	75284553	2
chr7	75324553	75484553	2
chr7	77364553	77804553	2
chr7	78084553	78484553	2
chr7	78804553	78884553	2
chr7	79844553	80724553	2
chr7	80764553	82084553	2
chr7	82084553	82244553	2
chr7	82364553	82684553	2
chr7	84804553	84964553	2
chr7	85084553	85444553	2
chr7	85724553	85764553	2
chr7	85844553	86004553	2
chr7	86404553	86484553	2
chr7	86564553	86724553	2
chr7	92764553	93084553	2
chr7	93364553	93644553	2
chr7	93764553	93804553	2
chr7	94124553	94444553	2
chr7	94484553	94924553	2
chr7	94924553	95284553	2
chr7	95324553	95444553	2
chr7	95684553	95724553	2
chr7	95764553	96204553	2
chr7	104004553	104964553	2
chr7	105004553	105404553	2
chr7	105444553	105884553	2
chr7	105924553	106404553	2
chr7	106444553	106764553	2
chr7	106764553	107324553	2
chr7	107444553	108564553	2
chr7	108604553	109044553	2
chr7	109164553	109284553	2
chr7	109324553	109604553	2
chr7	109644553	109924553	2
chr7	110244553	110924553	2
chr7	110964553	111364553	2
chr7	111564553	112204553	2
chr7	112244553	112324553	2
chr7	112444553	112564553	2
chr7	112684553	113524553	2
chr7	113644553	114364553	2
chr7	114404553	116124553	2
chr7	116124553	116204553	2
chr7	116244553	117204553	2
chr7	117244553	117564553	2
chr7	117604553	117844553	2
chr7	117884553	119404553	2
chr7	119444553	119524553	2
chr7	119644553	120324553	2
chr7	120364553	120604553	2
chr7	120644553	121004553	2
chr7	121044553	121244553	2
chr7	121284553	122004553	2
chr7	122124553	122684553	2
chr7	122804553	124364553	2
chr7	124404553	124724553	2
chr7	124844553	124924553	2
chr7	125044553	126924553	2
chr7	127044553	127284553	2
chr7	127324553	127684553	2
chr7	127724553	128044553	2
chr7	129204553	129244553	2
chr7	129364553	129404553	2
chr7	129724553	129764553	2
chr7	129924553	130364553	2
chr7	131004553	132004553	2
chr7	132124553	132844553	2
chr7	133044553	133084553	2
chr7	133084553	133124553	2
chr7	140124553	140284553	2
chr7	140924553	141164553	2
chr7	141204553	142724553	2
chr7	142724553	143044553	2
chr7	143164553	143204553	2
chr7	143364553	143404553	2
chr7	144044553	144804553	2
chr7	146204553	146524553	2
chr7	146564553	146724553	2
chr7	147044553	147684553	2
chr7	147844553	148044553	2
chr7	148084553	149524553	2
chr7	149564553	149644553	2
chr7	149804553	149844553	2
chr7	150084553	150164553	2
chr7	150244553	150484553	2
chr7	150684553	151004553	2
chr7	151244553	151484553	2
chr7	151564553	151764553	2
chr7	152124553	152164553	2
chr8	160000	1800000	2
chr8	2000000	2880000	2
chr8	2880000	3920000	2
chr8	3960000	4440000	2
chr8	4800000	4920000	2
chr8	5000000	5760000	2
chr8	5880000	5920000	2
chr8	6400000	7800000	2
chr8	8040000	8320000	2
chr8	8560000	9240000	2
chr8	9520000	9840000	2
chr8	10160000	10200000	2
chr8	10360000	10400000	2
chr8	10440000	10560000	2
chr8	10840000	11000000	2
chr8	11400000	11640000	2
chr8	12480000	12760000	2
chr8	12960000	13680000	2
chr8	13800000	14000000	2
chr8	14000000	14040000	2
chr8	14080000	14880000	2
chr8	14920000	14960000	2
chr8	15200000	15240000	2
chr8	15440000	15640000	2
chr8	16520000	16760000	2
chr8	16800000	16840000	2
chr8	16880000	17840000	2
chr8	17880000	18040000	2
chr8	18400000	19480000	2
chr8	19600000	20320000	2
chr8	23520000	23560000	2
chr8	23920000	24280000	2
chr8	24280000	24960000	2
chr8	25480000	27080000	2
chr8	27200000	27360000	2
chr8	27400000	27440000	2
chr8	27520000	27600000	2
chr8	28160000	28240000	2
chr8	28280000	28880000	2
chr8	29280000	29320000	2
chr8	29720000	31040000	2
chr8	31080000	31160000	2
chr8	31640000	31800000	2
chr8	31800000	32080000	2
chr8	32160000	32280000	2
chr8	32440000	32800000	2
chr8	33280000	33480000	2
chr8	33760000	33800000	2
chr8	33920000	35520000	2
chr8	35640000	35800000	2
chr8	35840000	36160000	2
chr8	36200000	36640000	2
chr8	36640000	36840000	2
chr8	37480000	37560000	2
chr8	37960000	38080000	2
chr8	38120000	38440000	2
chr8	38440000	38480000	2
chr8	38800000	39360000	2
chr8	40040000	40280000	2
chr8	40520000	40880000	2
chr8	41000000	41160000	2
chr8	41640000	41720000	2
chr8	42040000	42200000	2
chr8	42360000	42480000	2
chr8	43240000	43280000	2
chr8	43520000	43600000	2
chr8	43720000	43840000	2
chr8	43840000	44240000	2
chr8	44600000	45200000	2
chr8	45720000	45760000	2
chr8	46600000	46720000	2
chr8	47040000	47480000	2
chr8	47520000	47640000	2
chr8	47640000	48080000	2
chr8	48480000	49040000	2
chr8	49240000	49400000	2
chr8	50160000	50240000	2
chr8	50320000	50360000	2
chr8	51000000	51040000	2
chr8	51720000	52320000	2
chr8	52320000	52520000	2
chr8	52960000	53360000	2
chr8	53600000	53640000	2
chr8	54400000	54440000	2
chr8	54920000	55000000	2
chr8	55280000	55320000	2
chr8	55720000	56040000	2
chr8	56080000	56720000	2
chr8	57000000	57160000	2
chr8	57200000	57920000	2
chr8	57960000	58120000	2
chr8	58280000	58320000	2
chr8	58400000	58960000	2
chr8	59400000	59440000	2
chr8	59840000	60000000	2
chr8	60360000	60440000	2
chr8	60560000	60800000	2
chr8	60800000	60880000	2
chr8	61240000	62040000	2
chr8	62080000	62360000	2
chr8	62360000	62560000	2
chr8	64320000	64400000	2
chr8	64480000	64760000	2
chr8	65360000	65760000	2
chr8	65840000	66000000	2
chr8	66160000	66240000	2
chr8	66280000	66560000	2
chr8	66920000	67280000	2
chr8	67280000	67760000	2
chr8	68080000	68520000	2
chr8	68680000	69040000	2
chr8	69200000	69360000	2
chr8	70800000	72680000	2
chr8	72760000	73240000	2
chr8	73280000	73480000	2
chr8	73720000	73960000	2
chr8	77120000	77160000	2
chr8	77200000	77600000	2
chr8	77680000	77760000	2
chr8	78040000	78120000	2
chr8	78320000	79360000	2
chr8	79560000	81160000	2
chr8	81320000	81360000	2
chr8	81640000	81960000	2
chr8	82560000	82680000	2
chr8	83440000	84120000	2
chr8	84160000	84360000	2
chr8	84400000	85240000	2
chr8	85240000	85320000	2
chr8	85640000	87480000	2
chr8	87840000	88000000	2
chr8	88120000	88440000	2
chr8	88560000	88600000	2
chr8	88760000	88840000	2
chr8	88880000	89320000	2
chr8	89440000	89480000	2
chr8	89520000	90520000	2
chr8	90680000	90760000	2
chr8	90840000	91000000	2
chr8	91160000	91440000	2
chr8	91560000	91640000	2
chr8	92080000	92680000	2
chr8	93720000	93800000	2
chr8	94080000	94120000	2
chr8	94480000	94760000	2
chr8	94880000	94960000	2
chr8	95080000	95120000	2
chr8	95800000	96160000	2
chr8	96160000	96280000	2
chr8	96480000	96560000	2
chr8	96880000	97000000	2
chr8	97440000	97480000	2
chr8	97720000	98320000	2
chr8	98520000	98600000	2
chr8	99280000	99760000	2
chr8	100120000	100480000	2
chr8	100680000	100720000	2
chr8	101040000	101160000	2
chr8	101640000	101680000	2
chr8	101680000	101920000	2
chr8	102120000	102520000	2
chr8	102560000	102680000	2
chr8	102880000	102920000	2
chr8	103280000	104600000	2
chr8	104600000	104760000	2
chr8	105200000	105520000	2
chr8	105520000	106400000	2
chr8	106440000	106520000	2
chr8	106898871	106938871	2
chr8	107378871	107658871	2
chr8	107698871	107938871	2
chr8	107938871	108178871	2
chr8	108818871	109098871	2
chr8	109298871	109578871	2
chr8	109738871	109778871	2
chr8	111938871	112018871	2
chr8	112458871	112938871	2
chr8	112938871	113458871	2
chr8	113498871	113978871	2
chr8	114298871	115058871	2
chr8	115298871	115338871	2
chr8	115498871	115658871	2
chr8	115898871	116098871	2
chr8	116218871	117978871	2
chr8	118098871	118178871	2
chr8	118578871	118618871	2
chr8	119058871	119618871	2
chr8	119938871	120098871	2
chr8	120338871	121898871	2
chr8	121938871	122338871	2
chr8	122378871	122418871	2
chr8	122738871	122778871	2
chr8	122898871	124938871	2
chr8	125138871	125178871	2
chr8	125338871	125378871	2
chr8	125498871	125858871	2
chr8	126218871	126458871	2
chr8	126658871	127418871	2
chr8	127578871	127618871	2
chr8	128098871	128298871	2
chr8	128338871	128578871	2
chr8	128778871	128938871	2
chr8	129298871	130858871	2
chr8	131258871	131298871	2
chr9	280000	320000	2
chr9	440000	480000	2
chr9	840000	1320000	2
chr9	1400000	1800000	2
chr9	2760000	2920000	2
chr9	3160000	3280000	2
chr9	3320000	3600000	2
chr9	3840000	3960000	2
chr9	4160000	4280000	2
chr9	4320000	6000000	2
chr9	6200000	6240000	2
chr9	6440000	6520000	2
chr9	6800000	7400000	2
chr9	7440000	7560000	2
chr9	7640000	8040000	2
chr9	8360000	8840000	2
chr9	8880000	9560000	2
chr9	10160000	10200000	2
chr9	10280000	10440000	2
chr9	10520000	10560000	2
chr9	10640000	10760000	2
chr9	11720000	11760000	2
chr9	11840000	12280000	2
chr9	12320000	12960000	2
chr9	13600000	13920000	2
chr9	14080000	14320000	2
chr9	14440000	14680000	2
chr9	15120000	15200000	2
chr9	15240000	15400000	2
chr9	15440000	15800000	2
chr9	16160000	17280000	2
chr9	17320000	17480000	2
chr9	17480000	17680000	2
chr9	17720000	17880000	2
chr9	18480000	18720000	2
chr9	18720000	20080000	2
chr9	20160000	20200000	2
chr9	20320000	20440000	2
chr9	20760000	21520000	2
chr9	21520000	21560000	2
chr9	22040000	22360000	2
chr9	22400000	22440000	2
chr9	22840000	23240000	2
chr9	23400000	23520000	2
chr9	23920000	24160000	2
chr9	24320000	24440000	2
chr9	24800000	25640000	2
chr9	25760000	26080000	2
chr9	26280000	28240000	2
chr9	29080000	29160000	2
chr9	29280000	29640000	2
chr9	29760000	30000000	2
chr9	30040000	30440000	2
chr9	30560000	30760000	2
chr9	31200000	31400000	2
chr9	31440000	31920000	2
chr9	32240000	32920000	2
chr9	33120000	33240000	2
chr9	33280000	33760000	2
chr9	33920000	34280000	2
chr9	34440000	34520000	2
chr9	34680000	34920000	2
chr9	35320000	35640000	2
chr9	35800000	36160000	2
chr9	36280000	36440000	2
chr9	36560000	37120000	2
chr9	37680000	37880000	2
chr9	38040000	38080000	2
chr9	38600000	39000000	2
chr9	39360000	39680000	2
chr9	40080000	40440000	2
chr9	40960000	41080000	2
chr9	41840000	41960000	2
chr9	42120000	42440000	2
chr9	42480000	43120000	2
chr9	43160000	43480000	2
chr9	43920000	44560000	2
chr9	44760000	44880000	2
chr9	45000000	45360000	2
chr9	45520000	45560000	2
chr9	45800000	46120000	2
chr9	46200000	46240000	2
chr9	46360000	46520000	2
chr9	46680000	46720000	2
chr9	46720000	46760000	2
chr9	46960000	47000000	2
chr9	47320000	47440000	2
chr9	48760000	48880000	2
chr9	49040000	49240000	2
chr9	49720000	49800000	2
chr9	49840000	51280000	2
chr9	51440000	51480000	2
chr9	51520000	51800000	2
chr9	52040000	52440000	2
chr9	52480000	52760000	2
chr9	53560000	54240000	2
chr9	54640000	56440000	2
chr9	56520000	56560000	2
chr9	57400000	57520000	2
chr9	57720000	58080000	2
chr9	58120000	58240000	2
chr9	58600000	58680000	2
chr9	58880000	58960000	2
chr9	59240000	59360000	2
chr9	59400000	61680000	2
chr9	61720000	62400000	2
chr9	62520000	62960000	2
chr9	62960000	63040000	2
chr9	63080000	63160000	2
chr9	63640000	63800000	2
chr9	63880000	64160000	2
chr9	64320000	64600000	2
chr9	64640000	64960000	2
chr9	65680000	65720000	2
chr9	66320000	66440000	2
chr9	66680000	66920000	2
chr9	67320000	67600000	2
chr9	68160000	68560000	2
chr9	68600000	68920000	2
chr9	69800000	69880000	2
chr9	69960000	70920000	2
chr9	71120000	71600000	2
chr9	72480000	72560000	2
chr9	73040000	73160000	2
chr9	73200000	73240000	2
chr9	73600000	73720000	2
chr9	74920000	75160000	2
chr9	76200000	76320000	2
chr9	76400000	76680000	2
chr9	77400000	77840000	2
chr9	77880000	78280000	2
chr9	78320000	78400000	2
chr9	78560000	78600000	2
chr9	78720000	79120000	2
chr9	79320000	79520000	2
chr9	79720000	79800000	2
chr9	79880000	80000000	2
chr9	80640000	81520000	2
chr9	81840000	81920000	2
chr9	82040000	82400000	2
chr9	82600000	82720000	2
chr9	83000000	83040000	2
chr9	83040000	83240000	2
chr9	83440000	83560000	2
chr9	83600000	84000000	2
chr9	84440000	85120000	2
chr9	85280000	85920000	2
chr9	85960000	86160000	2
chr9	86320000	86360000	2
chr9	86760000	86880000	2
chr9	87120000	87720000	2
chr9	88040000	88120000	2
chr9	88320000	88400000	2
chr9	88520000	89600000	2
chr9	89680000	89840000	2
chr9	90080000	90360000	2
chr9	90400000	90480000	2
chr9	90520000	91160000	2
chr9	91200000	91960000	2
chr9	92080000	92400000	2
chr9	92760000	93200000	2
chr9	93240000	93280000	2
chr9	93400000	93720000	2
chr9	93920000	94480000	2
chr9	94480000	94680000	2
chr9	94880000	95480000	2
chr9	95960000	96000000	2
chr9	96200000	96280000	2
chr9	96440000	97040000	2
chr9	97320000	97520000	2
chr9	97680000	97920000	2
chr9	97960000	98200000	2
chr9	98400000	98560000	2
chr9	98760000	98920000	2
chr9	99000000	99120000	2
chr9	99440000	99480000	2
chr9	99560000	99720000	2
chr9	99920000	100200000	2
chr9	100440000	101120000	2
chr9	101120000	101200000	2
chr9	101440000	102040000	2
chr9	102040000	102360000	2
chr9	103640000	103840000	2
chr9	104120000	104240000	2
chr9	104360000	104600000	2
chr9	104640000	104760000	2
chr9	104840000	104960000	2
chr9	104960000	105000000	2
chr9	105040000	105200000	2
chr9	105520000	105800000	2
chr9	106240000	106360000	2
chr9	107080000	107200000	2
chr9	107560000	107800000	2
chr9	107960000	108840000	2
chr9	108880000	108920000	2
chr9	109960000	110520000	2
chr9	110600000	110760000	2
chr9	111400000	111480000	2
chr9	111560000	111600000	2
chr9	111640000	111720000	2
chr9	112000000	112120000	2
chr9	112160000	112280000	2
chr9	112440000	112560000	2
chr9	115960000	116360000	2
chr9	116640000	117280000	2
chr9	117796172	118196172	2
chr9	118236172	118436172	2
chr9	118516172	118796172	2
chr9	118836172	118876172	2
chr9	119116172	119276172	2
chr9	119596172	119956172	2
chr9	120036172	120356172	2
chr9	120516172	121076172	2
chr9	121076172	121396172	2
chr9	121836172	122156172	2
chr9	122196172	122356172	2
chr9	122676172	122756172	2
chr9	122796172	123276172	2
chr9	123516172	123716172	2
chr9	123796172	124036172	2
