chr1	40000	160000	1
chr1	600000	1680000	1
chr1	1960000	2000000	1
chr1	2120000	3280000	1
chr1	3320000	3360000	1
chr1	3480000	3520000	1
chr1	4040000	4200000	1
chr1	4320000	5000000	1
chr1	5120000	5160000	1
chr1	5560000	5880000	1
chr1	5920000	7480000	1
chr1	7600000	7640000	1
chr1	7880000	8400000	1
chr1	8560000	8600000	1
chr1	9120000	9160000	1
chr1	9280000	9320000	1
chr1	11080000	11200000	1
chr1	11320000	11480000	1
chr1	12640000	15240000	1
chr1	15480000	15520000	1
chr1	15920000	15960000	1
chr1	16080000	16320000	1
chr1	17240000	17520000	1
chr1	17560000	17680000	1
chr1	17920000	18160000	1
chr1	19200000	19240000	1
chr1	19440000	20120000	1
chr1	20280000	20560000	1
chr1	21080000	22520000	1
chr1	22640000	25200000	1
chr1	25400000	25440000	1
chr1	25680000	26000000	1
chr1	26280000	26320000	1
chr1	26720000	26760000	1
chr1	27160000	27320000	1
chr1	27360000	27440000	1
chr1	27560000	28760000	1
chr1	28920000	29160000	1
chr1	29280000	31000000	1
chr1	31120000	34480000	1
chr1	34520000	35200000	1
chr1	35240000	36200000	1
chr1	37000000	37560000	1
chr1	37720000	38520000	1
chr1	38800000	38840000	1
chr1	39120000	40000000	1
chr1	40280000	40480000	1
chr1	41000000	41120000	1
chr1	41280000	41400000	1
chr1	41560000	42360000	1
chr1	42480000	42720000	1
chr1	43040000	43080000	1
chr1	44720000	44760000	1
chr1	45000000	45320000	1
chr1	45360000	46400000	1
chr1	46840000	47000000	1
chr1	48000000	48600000	1
chr1	48640000	48920000	1
chr1	49040000	49120000	1
chr1	49880000	50400000	1
chr1	50560000	50960000	1
chr1	51200000	51280000	1
chr1	51400000	51720000	1
chr1	51760000	52720000	1
chr1	53080000	53120000	1
chr1	53280000	53960000	1
chr1	54080000	54680000	1
chr1	54800000	54840000	1
chr1	55120000	55240000	1
chr1	55400000	55560000	1
chr1	55920000	57840000	1
chr1	58600000	59280000	1
chr1	59400000	59440000	1
chr1	59960000	60000000	1
chr1	60200000	62640000	1
chr1	62840000	62880000	1
chr1	62920000	63040000	1
chr1	63080000	64000000	1
chr1	64520000	64640000	1
chr1	64760000	64880000	1
chr1	64920000	65120000	1
chr1	65320000	65360000	1
chr1	65560000	65600000	1
chr1	65760000	67160000	1
chr1	67320000	67440000	1
chr1	67840000	67880000	1
chr1	68080000	69120000	1
chr1	69280000	72440000	1
chr1	72480000	72680000	1
chr1	72800000	75880000	1
chr1	76560000	76720000	1
chr1	77560000	77640000	1
chr1	77800000	77840000	1
chr1	77880000	77920000	1
chr1	78080000	78200000	1
chr1	78480000	79200000	1
chr1	79760000	79800000	1
chr1	79920000	80480000	1
chr1	80760000	80800000	1
chr1	81240000	81920000	1
chr1	81960000	82160000	1
chr1	82720000	82800000	1
chr1	83080000	83360000	1
chr1	84120000	84520000	1
chr1	85640000	86640000	1
chr1	86800000	86840000	1
chr1	87200000	88560000	1
chr1	88720000	88760000	1
chr1	89040000	89280000	1
chr1	89400000	89480000	1
chr1	89520000	89560000	1
chr1	89800000	89920000	1
chr1	89960000	90000000	1
chr1	90120000	93040000	1
chr1	93440000	93600000	1
chr1	93720000	93760000	1
chr1	93960000	96240000	1
chr1	96360000	96480000	1
chr1	96680000	96720000	1
chr1	96840000	98680000	1
chr1	98840000	98920000	1
chr1	99360000	99400000	1
chr1	99840000	99920000	1
chr1	100200000	102320000	1
chr1	102520000	102600000	1
chr1	102720000	104120000	1
chr1	104160000	104200000	1
chr1	107440000	107960000	1
chr1	108200000	108240000	1
chr1	108280000	108600000	1
chr1	108800000	109000000	1
chr1	109120000	110800000	1
chr1	111240000	112080000	1
chr1	112400000	112600000	1
chr1	112800000	112880000	1
chr1	112920000	113480000	1
chr1	113520000	113600000	1
chr1	113960000	114000000	1
chr1	114120000	114160000	1
chr1	114840000	115760000	1
chr1	116240000	116280000	1
chr1	116400000	116600000	1
chr1	116800000	116840000	1
chr1	116880000	117800000	1
chr1	117840000	117920000	1
chr1	118040000	120720000	1
chr1	121120000	121160000	1
chr1	121480000	121960000	1
chr1	122640000	122680000	1
chr1	122720000	122760000	1
chr1	123240000	125240000	1
chr1	125280000	126640000	1
chr1	126880000	128160000	1
chr1	128400000	128880000	1
chr1	129760000	129880000	1
chr1	130120000	131040000	1
chr1	131360000	131400000	1
chr1	132040000	132440000	1
chr1	132560000	132720000	1
chr1	133360000	134600000	1
chr1	134920000	135360000	1
chr1	135840000	137960000	1
chr1	138200000	138240000	1
chr1	138440000	138680000	1
chr1	138720000	138880000	1
chr1	139000000	140280000	1
chr1	141200000	141240000	1
chr1	144080000	144120000	1
chr1	144240000	144440000	1
chr1	144480000	144520000	1
chr1	144720000	144760000	1
chr1	144800000	145040000	1
chr1	145080000	145400000	1
chr1	145520000	147640000	1
chr1	148040000	148080000	1
chr1	148280000	148480000	1
chr1	148520000	148720000	1
chr1	148840000	149080000	1
chr1	149840000	150360000	1
chr1	150400000	150440000	1
chr1	151480000	151680000	1
chr1	151920000	152560000	1
chr1	153040000	154360000	1
chr1	154760000	154800000	1
chr1	155040000	156080000	1
chr1	156120000	156280000	1
chr1	156320000	156800000	1
chr1	156840000	156880000	1
chr1	156920000	158360000	1
chr1	158400000	159400000	1
chr1	159640000	159840000	1
chr1	159960000	163400000	1
chr1	164040000	164120000	1
chr1	164560000	164680000	1
chr1	164840000	164880000	1
chr1	165040000	165200000	1
chr1	165240000	165280000	1
chr1	165800000	166240000	1
chr1	166920000	167800000	1
chr1	167920000	167960000	1
chr1	168240000	168280000	1
chr1	168400000	169080000	1
chr1	169360000	172240000	1
chr1	172480000	172560000	1
chr1	172600000	174240000	1
chr1	174280000	174320000	1
chr1	174560000	174600000	1
chr1	174760000	175520000	1
chr1	175675432	176035432	1
chr1	176155432	176835432	1
chr1	176875432	176915432	1
chr1	176955432	176995432	1
chr1	177355432	178795432	1
chr1	178915432	181555432	1
chr1	181915432	182795432	1
chr1	182955432	183035432	1
chr1	183075432	183635432	1
chr1	183835432	183915432	1
chr1	184035432	185035432	1
chr1	185555432	185715432	1
chr1	185835432	186075432	1
chr1	186235432	186275432	1
chr1	186395432	186435432	1
chr1	186595432	188155432	1
chr1	188275432	188755432	1
chr1	188875432	188915432	1
chr1	189155432	189755432	1
chr1	189875432	189915432	1
chr1	190995432	191155432	1
chr1	191395432	191435432	1
chr1	191475432	191515432	1
chr1	191635432	192795432	1
chr1	192915432	192955432	1
chr1	193075432	193195432	1
chr1	193235432	193755432	1
chr1	194075432	194115432	1
chr1	194315432	195675432	1
chr1	195715432	195915432	1
chr1	195955432	196115432	1
chr1	196835432	196995432	1
chr1	197035432	197075432	1
chr10	200000	240000	1
chr10	400000	440000	1
chr10	640000	880000	1
chr10	1640000	2000000	1
chr10	2120000	2200000	1
chr10	2640000	3640000	1
chr10	3680000	4880000	1
chr10	5240000	45480000	1
chr10	45760000	46840000	1
chr10	47000000	47480000	1
chr10	47840000	47960000	1
chr10	48240000	48440000	1
chr10	48800000	48920000	1
chr10	49040000	49080000	1
chr10	49200000	49280000	1
chr10	49680000	49720000	1
chr10	49880000	49920000	1
chr10	50200000	50880000	1
chr10	51080000	51120000	1
chr10	51160000	54200000	1
chr10	54400000	54960000	1
chr10	55280000	56160000	1
chr10	56440000	56480000	1
chr10	56680000	56720000	1
chr10	57080000	57320000	1
chr10	57560000	58160000	1
chr10	58480000	58520000	1
chr10	58640000	58800000	1
chr10	58840000	58880000	1
chr10	58920000	59200000	1
chr10	59320000	59840000	1
chr10	60160000	62200000	1
chr10	62680000	62760000	1
chr10	62800000	63320000	1
chr10	63640000	63680000	1
chr10	64120000	64360000	1
chr10	64640000	64720000	1
chr10	64840000	64880000	1
chr10	67960000	68080000	1
chr10	68760000	68800000	1
chr10	69040000	69360000	1
chr10	69760000	69800000	1
chr10	69960000	70040000	1
chr10	70160000	70280000	1
chr10	70440000	71760000	1
chr10	71880000	71920000	1
chr10	72080000	75160000	1
chr10	75200000	75360000	1
chr10	75840000	76640000	1
chr10	76840000	77000000	1
chr10	77880000	78080000	1
chr10	78320000	78400000	1
chr10	78520000	79720000	1
chr10	80240000	80280000	1
chr10	80400000	81320000	1
chr10	81480000	82000000	1
chr10	82160000	83880000	1
chr10	84160000	84200000	1
chr10	84240000	85040000	1
chr10	85080000	85200000	1
chr10	85560000	87920000	1
chr10	88080000	88640000	1
chr10	89080000	89240000	1
chr10	89400000	91360000	1
chr10	91520000	93680000	1
chr10	94240000	94320000	1
chr10	94680000	94800000	1
chr10	95000000	95280000	1
chr10	95680000	95720000	1
chr10	96080000	97760000	1
chr10	97880000	97960000	1
chr10	98800000	98920000	1
chr10	98960000	99040000	1
chr10	99160000	99200000	1
chr10	99440000	102000000	1
chr10	102160000	102720000	1
chr10	102873255	102953255	1
chr10	103273255	104593255	1
chr10	104713255	104993255	1
chr10	105033255	105473255	1
chr10	105673255	106753255	1
chr10	106873255	106913255	1
chr10	106953255	108313255	1
chr10	108633255	109793255	1
chr10	110073255	110153255	1
chr10	110313255	110593255	1
chr10	110793255	110833255	1
chr10	110873255	110913255	1
chr10	111233255	111393255	1
chr10	111913255	113473255	1
chr10	113633255	114793255	1
chr10	114993255	115193255	1
chr10	115553255	116633255	1
chr10	116673255	118193255	1
chr10	118473255	118553255	1
chr10	118873255	119113255	1
chr10	119233255	119313255	1
chr10	119673255	120113255	1
chr10	120353255	120433255	1
chr10	120473255	120513255	1
chr10	120873255	121073255	1
chr10	121193255	121233255	1
chr10	121553255	121673255	1
chr10	121873255	122033255	1
chr10	122153255	122273255	1
chr10	122433255	122953255	1
chr10	123233255	123313255	1
chr10	123473255	123793255	1
chr10	123953255	124953255	1
chr10	125153255	125233255	1
chr10	125793255	125833255	1
chr10	126153255	127153255	1
chr10	127193255	127233255	1
chr10	127353255	127633255	1
chr10	128033255	129233255	1
chr10	129473255	129753255	1
chr10	129793255	129953255	1
chr11	40000	1840000	1
chr11	1960000	2200000	1
chr11	2320000	3040000	1
chr11	3160000	3200000	1
chr11	3440000	4400000	1
chr11	5520000	6280000	1
chr11	6320000	6480000	1
chr11	6840000	6880000	1
chr11	7120000	8240000	1
chr11	8280000	11040000	1
chr11	11160000	11240000	1
chr11	11480000	11680000	1
chr11	11720000	12000000	1
chr11	12040000	12240000	1
chr11	12360000	12400000	1
chr11	12523856	13323856	1
chr11	13363856	15603856	1
chr11	15763856	16083856	1
chr11	16923856	17203856	1
chr11	17563856	17603856	1
chr11	17763856	18203856	1
chr11	18363856	19243856	1
chr11	19283856	20083856	1
chr11	20443856	20523856	1
chr11	20563856	21643856	1
chr11	21803856	21843856	1
chr11	21883856	22483856	1
chr11	22643856	22723856	1
chr11	22963856	23043856	1
chr11	23203856	23603856	1
chr11	23803856	24283856	1
chr11	24323856	27043856	1
chr11	27083856	27203856	1
chr11	27323856	27763856	1
chr11	27803856	28043856	1
chr11	28523856	28603856	1
chr11	28803856	28883856	1
chr11	28923856	29123856	1
chr11	29283856	29643856	1
chr11	30123856	30163856	1
chr11	30403856	31323856	1
chr11	31523856	31963856	1
chr11	32203856	32323856	1
chr11	32603856	33003856	1
chr11	33043856	33123856	1
chr11	33163856	38243856	1
chr11	38283856	39003856	1
chr11	39123856	39163856	1
chr11	39603856	40803856	1
chr11	40923856	41643856	1
chr11	42043856	42163856	1
chr11	43203856	43283856	1
chr11	43603856	43723856	1
chr11	43763856	43843856	1
chr11	44323856	44643856	1
chr11	44763856	44963856	1
chr11	45123856	46083856	1
chr11	46203856	46403856	1
chr11	46443856	46883856	1
chr11	47123856	47163856	1
chr11	47283856	48123856	1
chr11	51163856	51323856	1
chr11	51883856	54163856	1
chr11	54203856	56443856	1
chr11	56723856	56803856	1
chr11	56923856	57123856	1
chr11	57403856	57523856	1
chr11	57563856	57723856	1
chr11	57883856	58043856	1
chr11	58243856	58283856	1
chr11	58323856	58363856	1
chr11	58483856	58643856	1
chr11	58683856	58723856	1
chr11	58923856	59763856	1
chr11	59923856	60003856	1
chr11	60043856	60403856	1
chr11	60443856	60523856	1
chr11	60723856	60843856	1
chr11	60883856	61683856	1
chr11	61803856	62683856	1
chr11	62723856	62883856	1
chr11	63523856	63843856	1
chr11	64003856	64043856	1
chr11	64203856	64403856	1
chr11	64523856	64683856	1
chr11	64803856	65963856	1
chr11	66243856	66803856	1
chr11	66843856	66883856	1
chr11	66923856	68123856	1
chr11	68243856	68483856	1
chr11	68643856	68683856	1
chr11	68843856	68923856	1
chr11	68963856	70043856	1
chr11	70323856	70363856	1
chr11	70403856	70563856	1
chr11	70683856	70723856	1
chr11	70883856	71003856	1
chr11	71123856	71403856	1
chr11	71443856	71563856	1
chr11	71683856	71843856	1
chr11	72163856	72243856	1
chr11	72403856	72643856	1
chr11	72923856	73043856	1
chr11	74323856	74363856	1
chr11	74403856	74603856	1
chr11	74643856	74723856	1
chr11	74763856	74923856	1
chr11	74963856	75403856	1
chr11	75443856	75603856	1
chr11	75843856	76283856	1
chr11	76443856	76723856	1
chr11	76923856	77043856	1
chr11	77083856	77603856	1
chr11	77643856	78043856	1
chr11	78483856	78523856	1
chr11	78643856	78803856	1
chr11	78843856	78883856	1
chr11	78923856	78963856	1
chr11	79003856	79523856	1
chr11	79563856	79763856	1
chr11	79963856	80083856	1
chr11	80523856	80603856	1
chr11	81203856	81243856	1
chr11	81283856	81723856	1
chr11	82043856	82083856	1
chr11	82203856	82803856	1
chr11	82843856	83043856	1
chr11	83083856	83163856	1
chr11	83443856	83483856	1
chr11	83683856	84203856	1
chr11	84323856	84403856	1
chr11	84523856	84603856	1
chr11	84723856	85123856	1
chr11	85163856	85243856	1
chr11	85443856	85923856	1
chr11	86043856	86123856	1
chr11	86243856	86403856	1
chr11	86643856	86723856	1
chr11	86763856	86843856	1
chr11	87163856	87403856	1
chr11	87723856	87763856	1
chr11	87803856	87883856	1
chr11	87923856	88443856	1
chr11	88483856	88683856	1
chr11	88963856	89083856	1
chr11	89203856	89683856	1
chr11	90003856	90483856	1
chr11	90603856	91323856	1
chr11	91483856	91523856	1
chr11	91643856	92163856	1
chr11	92203856	92363856	1
chr11	92443856	92483856	1
chr11	92523856	93243856	1
chr11	93483856	93563856	1
chr11	93923856	94043856	1
chr11	94203856	95403856	1
chr11	95643856	95723856	1
chr11	95763856	96643856	1
chr11	96763856	97123856	1
chr11	97163856	98203856	1
chr11	98803856	98883856	1
chr11	99763856	99803856	1
chr11	99843856	100123856	1
chr11	100323856	102923856	1
chr11	103043856	103163856	1
chr11	103283856	104003856	1
chr11	104043856	104283856	1
chr11	104323856	104923856	1
chr11	106283856	106403856	1
chr11	106443856	107083856	1
chr11	107403856	107643856	1
chr11	107763856	108203856	1
chr11	108443856	111523856	1
chr11	111763856	112003856	1
chr11	112243856	112283856	1
chr11	112443856	112643856	1
chr11	112803856	113523856	1
chr11	113563856	113603856	1
chr11	113723856	115243856	1
chr11	115283856	115483856	1
chr11	115643856	117203856	1
chr11	117243856	117643856	1
chr11	117763856	117803856	1
chr11	118323856	118843856	1
chr11	119003856	119043856	1
chr11	119163856	119283856	1
chr11	120243856	120403856	1
chr11	120443856	120683856	1
chr11	120963856	121163856	1
chr11	121523856	121563856	1
chr11	121603856	121643856	1
chr12	40000	120000	1
chr12	320000	760000	1
chr12	880000	1400000	1
chr12	1440000	1480000	1
chr12	1960000	2000000	1
chr12	2360000	4080000	1
chr12	4240000	4280000	1
chr12	4960000	6880000	1
chr12	7080000	7280000	1
chr12	7400000	7600000	1
chr12	7640000	7720000	1
chr12	7960000	12160000	1
chr12	12400000	14280000	1
chr12	14400000	14680000	1
chr12	14720000	15040000	1
chr12	15160000	15880000	1
chr12	15920000	16400000	1
chr12	16680000	16880000	1
chr12	16920000	16960000	1
chr12	17120000	17880000	1
chr12	18200000	18400000	1
chr12	18840000	19880000	1
chr12	20240000	21160000	1
chr12	21400000	21520000	1
chr12	21680000	22680000	1
chr12	22720000	22760000	1
chr12	22800000	23120000	1
chr12	26400000	28560000	1
chr12	28600000	28680000	1
chr12	28920000	30120000	1
chr12	30240000	31320000	1
chr12	31640000	31800000	1
chr12	31857530	31977530	1
chr12	32097530	32817530	1
chr12	32857530	32897530	1
chr12	32937530	33417530	1
chr12	33897530	33937530	1
chr12	33977530	34777530	1
chr12	34937530	35097530	1
chr12	35257530	35617530	1
chr12	35657530	35817530	1
chr12	35857530	36217530	1
chr12	36257530	36497530	1
chr12	36897530	38857530	1
chr12	38897530	38937530	1
chr12	39217530	40377530	1
chr12	40417530	41897530	1
chr12	42057530	42937530	1
chr12	43377530	43657530	1
chr12	43817530	43937530	1
chr12	44097530	44777530	1
chr12	44817530	45217530	1
chr12	45977530	46537530	1
chr12	46657530	47977530	1
chr12	48017530	48057530	1
chr12	48097530	48137530	1
chr12	48177530	49497530	1
chr12	49657530	49817530	1
chr12	49857530	49977530	1
chr12	50137530	50337530	1
chr12	50697530	52217530	1
chr12	52337530	52377530	1
chr12	52697530	53617530	1
chr12	53657530	54217530	1
chr12	54457530	55137530	1
chr12	55177530	55657530	1
chr12	55857530	55897530	1
chr12	55937530	56857530	1
chr12	56897530	56977530	1
chr12	57257530	57657530	1
chr12	57697530	57777530	1
chr12	57817530	59617530	1
chr12	59737530	60137530	1
chr12	60297530	62017530	1
chr12	62337530	62457530	1
chr12	62737530	62777530	1
chr12	62817530	63337530	1
chr12	63657530	65897530	1
chr12	66217530	66337530	1
chr12	66377530	66497530	1
chr12	66537530	68337530	1
chr12	69257530	70577530	1
chr12	73977530	75537530	1
chr12	75777530	77697530	1
chr12	77897530	78897530	1
chr12	79057530	79897530	1
chr12	80057530	81577530	1
chr12	81617530	81657530	1
chr12	82777530	82937530	1
chr12	82977530	83297530	1
chr12	83337530	84377530	1
chr12	84417530	84497530	1
chr12	84617530	85337530	1
chr12	85657530	85737530	1
chr12	85897530	86217530	1
chr12	86257530	86377530	1
chr12	86497530	86577530	1
chr12	87057530	87257530	1
chr12	87937530	90017530	1
chr12	90257530	93537530	1
chr12	93657530	95057530	1
chr12	95097530	95137530	1
chr12	95177530	95217530	1
chr12	95377530	95697530	1
chr12	96097530	96137530	1
chr12	96257530	96377530	1
chr12	96497530	98817530	1
chr12	98937530	100977530	1
chr12	101017530	102297530	1
chr12	102857530	103137530	1
chr12	103177530	103737530	1
chr12	103817530	104297530	1
chr12	104897530	104937530	1
chr12	105057530	105097530	1
chr12	105137530	105257530	1
chr12	105377530	105857530	1
chr12	105977530	106657530	1
chr12	106737530	109177530	1
chr12	109497530	109777530	1
chr12	113457530	117417530	1
chr12	117457530	117497530	1
chr12	117737530	119697530	1
chr12	119817530	119897530	1
chr12	119937530	119977530	1
chr12	120657530	120857530	1
chr12	120897530	121017530	1
chr13	200000	1200000	1
chr13	1360000	1560000	1
chr13	1600000	1640000	1
chr13	1760000	1840000	1
chr13	1880000	1920000	1
chr13	2160000	3120000	1
chr13	4560000	5360000	1
chr13	5480000	5600000	1
chr13	5640000	7960000	1
chr13	8000000	9200000	1
chr13	9320000	9360000	1
chr13	9520000	10480000	1
chr13	10680000	10840000	1
chr13	10960000	12200000	1
chr13	12240000	12800000	1
chr13	13320000	13840000	1
chr13	13960000	15560000	1
chr13	15960000	16040000	1
chr13	16080000	16320000	1
chr13	16480000	16760000	1
chr13	16800000	16880000	1
chr13	17000000	17520000	1
chr13	17640000	18720000	1
chr13	19280000	19400000	1
chr13	19760000	19840000	1
chr13	19880000	19920000	1
chr13	19960000	20880000	1
chr13	21000000	21280000	1
chr13	22040000	22800000	1
chr13	22920000	25040000	1
chr13	25080000	25120000	1
chr13	25360000	25400000	1
chr13	25760000	25880000	1
chr13	25920000	26120000	1
chr13	26240000	26520000	1
chr13	26560000	29400000	1
chr13	29520000	29560000	1
chr13	29600000	29640000	1
chr13	29800000	29880000	1
chr13	30040000	31000000	1
chr13	31040000	31200000	1
chr13	31240000	33120000	1
chr13	33440000	33560000	1
chr13	33600000	33640000	1
chr13	33840000	35200000	1
chr13	35320000	35480000	1
chr13	35520000	36040000	1
chr13	36160000	37240000	1
chr13	37360000	38200000	1
chr13	38240000	38320000	1
chr13	38360000	38400000	1
chr13	38840000	39120000	1
chr13	39160000	39200000	1
chr13	39244312	39924312	1
chr13	39964312	40244312	1
chr13	40444312	43164312	1
chr13	43204312	43484312	1
chr13	44084312	45684312	1
chr13	45884312	46884312	1
chr13	46924312	47564312	1
chr13	47844312	47924312	1
chr13	47964312	48004312	1
chr13	48444312	48484312	1
chr13	48644312	48844312	1
chr13	49044312	49124312	1
chr13	49284312	50564312	1
chr13	50684312	51124312	1
chr13	51244312	51404312	1
chr13	51444312	52124312	1
chr13	52724312	52764312	1
chr13	52804312	52844312	1
chr13	53284312	54844312	1
chr13	54884312	55244312	1
chr13	55444312	55604312	1
chr13	55764312	55884312	1
chr13	55924312	57044312	1
chr13	57084312	57884312	1
chr13	58044312	58124312	1
chr13	58244312	59324312	1
chr13	59364312	59404312	1
chr13	59644312	60884312	1
chr13	61004312	61404312	1
chr13	61524312	62644312	1
chr13	62764312	62844312	1
chr13	62884312	62964312	1
chr13	63004312	63084312	1
chr13	63124312	64084312	1
chr13	64204312	64284312	1
chr13	64724312	65884312	1
chr13	65924312	67084312	1
chr13	67324312	67364312	1
chr13	68404312	68724312	1
chr13	69044312	69244312	1
chr13	69364312	69684312	1
chr13	69844312	70084312	1
chr13	70244312	73804312	1
chr13	73844312	74844312	1
chr13	75124312	75244312	1
chr13	75284312	75644312	1
chr13	76004312	76044312	1
chr13	76164312	76804312	1
chr13	76924312	76964312	1
chr13	77284312	78364312	1
chr13	78484312	78524312	1
chr13	78564312	78644312	1
chr13	78884312	79084312	1
chr13	79124312	80884312	1
chr13	81044312	81884312	1
chr13	82004312	83404312	1
chr13	83444312	83564312	1
chr13	85204312	85324312	1
chr13	86124312	86404312	1
chr13	86604312	87204312	1
chr13	90764312	90804312	1
chr13	91524312	91644312	1
chr13	91684312	92524312	1
chr13	92644312	94324312	1
chr13	94364312	94804312	1
chr13	95524312	96564312	1
chr13	97164312	97564312	1
chr13	97724312	98084312	1
chr13	98204312	99164312	1
chr13	99284312	99804312	1
chr13	99844312	100244312	1
chr13	100284312	100364312	1
chr13	100884312	101444312	1
chr13	101604312	101964312	1
chr13	102204312	103124312	1
chr13	103164312	103204312	1
chr13	103324312	103364312	1
chr13	103964312	105644312	1
chr13	106604312	106764312	1
chr13	106804312	107484312	1
chr13	107724312	107804312	1
chr13	107844312	107884312	1
chr13	107924312	108084312	1
chr13	108324312	108364312	1
chr13	108404312	110324312	1
chr13	110644312	111444312	1
chr13	111644312	112564312	1
chr13	112724312	113044312	1
chr13	113564312	115004312	1
chr13	115324312	115484312	1
chr13	115524312	115804312	1
chr13	115844312	117164312	1
chr13	117284312	117604312	1
chr13	117964312	118164312	1
chr13	118324312	118364312	1
chr13	119284312	119724312	1
chr14	480000	4320000	1
chr14	8320000	8560000	1
chr14	8720000	8800000	1
chr14	8840000	8920000	1
chr14	9040000	10560000	1
chr14	10760000	11040000	1
chr14	11160000	11600000	1
chr14	12000000	12560000	1
chr14	13040000	13080000	1
chr14	13360000	13400000	1
chr14	14280000	14320000	1
chr14	14360000	25680000	1
chr14	25960000	26000000	1
chr14	26480000	27200000	1
chr14	27400000	31480000	1
chr14	31600000	31640000	1
chr14	32000000	32040000	1
chr14	32160000	32280000	1
chr14	32440000	32480000	1
chr14	32640000	32680000	1
chr14	32840000	32880000	1
chr14	33040000	33160000	1
chr14	33200000	33240000	1
chr14	33360000	33440000	1
chr14	33680000	35880000	1
chr14	36280000	36320000	1
chr14	36360000	36440000	1
chr14	36880000	37440000	1
chr14	37600000	41560000	1
chr14	41960000	42000000	1
chr14	42040000	42120000	1
chr14	42280000	42440000	1
chr14	42480000	42560000	1
chr14	42760000	42880000	1
chr14	43040000	49040000	1
chr14	49680000	50960000	1
chr14	51480000	54760000	1
chr14	54800000	55320000	1
chr14	55440000	55600000	1
chr14	55840000	56000000	1
chr14	56074864	56474864	1
chr14	56714864	56754864	1
chr14	56794864	56834864	1
chr14	56874864	57834864	1
chr14	58514864	59834864	1
chr14	60554864	60594864	1
chr14	60634864	60714864	1
chr14	60954864	61674864	1
chr14	61954864	62394864	1
chr14	62914864	63194864	1
chr14	64354864	68194864	1
chr14	68874864	71754864	1
chr14	71874864	71914864	1
chr14	72034864	73394864	1
chr14	73434864	73474864	1
chr14	73594864	73634864	1
chr14	74154864	76554864	1
chr14	76594864	76674864	1
chr14	77114864	77154864	1
chr14	77554864	77594864	1
chr14	77714864	77754864	1
chr14	77954864	77994864	1
chr14	78114864	78194864	1
chr14	79034864	81354864	1
chr14	81634864	81674864	1
chr14	81994864	82074864	1
chr14	82394864	84874864	1
chr14	85034864	85114864	1
chr14	85474864	85554864	1
chr14	85754864	86114864	1
chr14	86194864	87354864	1
chr14	87474864	87714864	1
chr14	87914864	87954864	1
chr14	88314864	90234864	1
chr14	90794864	91074864	1
chr14	91514864	91754864	1
chr14	91954864	92074864	1
chr14	92554864	92714864	1
chr14	92834864	94354864	1
chr14	94394864	94434864	1
chr14	94474864	95954864	1
chr14	96074864	96114864	1
chr14	96234864	96314864	1
chr14	96794864	100434864	1
chr14	100474864	100514864	1
chr14	100634864	100674864	1
chr14	100874864	101074864	1
chr14	101274864	101354864	1
chr14	101394864	101434864	1
chr14	101794864	102434864	1
chr14	103794864	104474864	1
chr14	105154864	105554864	1
chr14	105594864	105754864	1
chr14	105954864	107154864	1
chr14	107194864	114234864	1
chr14	114474864	114674864	1
chr14	114914864	115594864	1
chr14	115634864	115674864	1
chr14	124314864	124354864	1
chr15	40000	80000	1
chr15	320000	440000	1
chr15	480000	920000	1
chr15	960000	1040000	1
chr15	1080000	2040000	1
chr15	3200000	3240000	1
chr15	3640000	3800000	1
chr15	3920000	3960000	1
chr15	4080000	4360000	1
chr15	4520000	4720000	1
chr15	4920000	5400000	1
chr15	5800000	6480000	1
chr15	6640000	6680000	1
chr15	6720000	6760000	1
chr15	6960000	7160000	1
chr15	7280000	7480000	1
chr15	7600000	8880000	1
chr15	9000000	9760000	1
chr15	9800000	10320000	1
chr15	10440000	13440000	1
chr15	13640000	14960000	1
chr15	16240000	16480000	1
chr15	16520000	16560000	1
chr15	16680000	16920000	1
chr15	17120000	17280000	1
chr15	17640000	17840000	1
chr15	17880000	17920000	1
chr15	18040000	18120000	1
chr15	18240000	18400000	1
chr15	18600000	19200000	1
chr15	19440000	19760000	1
chr15	20360000	20680000	1
chr15	20720000	20760000	1
chr15	21120000	21240000	1
chr15	21480000	21920000	1
chr15	22200000	22240000	1
chr15	22560000	22640000	1
chr15	22840000	22880000	1
chr15	23080000	24080000	1
chr15	24960000	25120000	1
chr15	25160000	25200000	1
chr15	25240000	25920000	1
chr15	25960000	26720000	1
chr15	27360000	27400000	1
chr15	27440000	27680000	1
chr15	27800000	27840000	1
chr15	31000000	35360000	1
chr15	35520000	35560000	1
chr15	35600000	35640000	1
chr15	35760000	36360000	1
chr15	36480000	37240000	1
chr15	37360000	39800000	1
chr15	39920000	40280000	1
chr15	40760000	41000000	1
chr15	41200000	41640000	1
chr15	41920000	41960000	1
chr15	42014974	43254974	1
chr15	43294974	43894974	1
chr15	43934974	44094974	1
chr15	44134974	44494974	1
chr15	44654974	45334974	1
chr15	45374974	45574974	1
chr15	45814974	46374974	1
chr15	46534974	47134974	1
chr15	47294974	47334974	1
chr15	48494974	49934974	1
chr15	49974974	51254974	1
chr15	51294974	51374974	1
chr15	52014974	52094974	1
chr15	52454974	52934974	1
chr15	53334974	53374974	1
chr15	53494974	53614974	1
chr15	53894974	54054974	1
chr15	54214974	54494974	1
chr15	54614974	54654974	1
chr15	54814974	54854974	1
chr15	54894974	54934974	1
chr15	55094974	56734974	1
chr15	56974974	57094974	1
chr15	57134974	57574974	1
chr15	57734974	59174974	1
chr15	59454974	59494974	1
chr15	59694974	60614974	1
chr15	60894974	61134974	1
chr15	61174974	61414974	1
chr15	61654974	61854974	1
chr15	61974974	62014974	1
chr15	62054974	62094974	1
chr15	62254974	63214974	1
chr15	63334974	63374974	1
chr15	63494974	63534974	1
chr15	63574974	63854974	1
chr15	64414974	64454974	1
chr15	64494974	65934974	1
chr15	66054974	67054974	1
chr15	67254974	68534974	1
chr15	68814974	69134974	1
chr15	69574974	70054974	1
chr15	70094974	70134974	1
chr15	70174974	70774974	1
chr15	70934974	71094974	1
chr15	72934974	73654974	1
chr15	73974974	74814974	1
chr15	74934974	75414974	1
chr15	75534974	75574974	1
chr15	75894974	76574974	1
chr15	76774974	76854974	1
chr15	76974974	78214974	1
chr15	78254974	79094974	1
chr15	79494974	79734974	1
chr15	79774974	79854974	1
chr15	79894974	80054974	1
chr15	80254974	80974974	1
chr15	81214974	81454974	1
chr15	81494974	81614974	1
chr15	81854974	81974974	1
chr15	82134974	82614974	1
chr15	82774974	82814974	1
chr15	82974974	83094974	1
chr15	83254974	83374974	1
chr15	83734974	83934974	1
chr15	84174974	85094974	1
chr15	85214974	85414974	1
chr15	86174974	86694974	1
chr15	86814974	87014974	1
chr15	87134974	87254974	1
chr15	87294974	87334974	1
chr15	87374974	87814974	1
chr15	87934974	87974974	1
chr15	88134974	88174974	1
chr15	88334974	89134974	1
chr15	89334974	89534974	1
chr15	89574974	89694974	1
chr15	89814974	91774974	1
chr15	91934974	91974974	1
chr15	92134974	93814974	1
chr15	94014974	94054974	1
chr15	94094974	94174974	1
chr15	94214974	96894974	1
chr15	97014974	97134974	1
chr15	97334974	99534974	1
chr15	99974974	100094974	1
chr15	100134974	100174974	1
chr15	100374974	101094974	1
chr15	101414974	101574974	1
chr15	101814974	102134974	1
chr15	102174974	103054974	1
chr15	103094974	103134974	1
chr16	160000	200000	1
chr16	400000	640000	1
chr16	680000	1040000	1
chr16	1080000	1160000	1
chr16	1200000	1520000	1
chr16	1560000	2160000	1
chr16	2320000	8760000	1
chr16	8880000	9160000	1
chr16	9440000	9920000	1
chr16	10240000	10320000	1
chr16	10600000	10640000	1
chr16	10680000	11480000	1
chr16	12120000	12360000	1
chr16	12600000	13000000	1
chr16	13120000	13160000	1
chr16	13560000	14400000	1
chr16	14640000	15680000	1
chr16	15800000	16240000	1
chr16	16400000	16520000	1
chr16	17200000	17280000	1
chr16	17320000	17400000	1
chr16	17440000	17560000	1
chr16	17760000	18800000	1
chr16	18840000	19120000	1
chr16	19520000	19680000	1
chr16	19720000	19920000	1
chr16	20240000	20480000	1
chr16	20760000	23880000	1
chr16	24080000	24560000	1
chr16	24840000	25080000	1
chr16	25280000	25320000	1
chr16	25360000	25600000	1
chr16	25840000	26920000	1
chr16	27160000	28240000	1
chr16	28520000	28560000	1
chr16	28600000	30000000	1
chr16	30280000	33520000	1
chr16	33760000	33880000	1
chr16	34000000	34040000	1
chr16	34080000	34320000	1
chr16	34360000	34440000	1
chr16	36240000	36400000	1
chr16	36600000	36920000	1
chr16	37200000	38120000	1
chr16	38320000	38840000	1
chr16	39600000	40240000	1
chr16	40360000	41200000	1
chr16	41600000	41640000	1
chr16	41680000	43160000	1
chr16	43240000	43840000	1
chr16	43880000	43960000	1
chr16	44000000	44160000	1
chr16	44200000	44240000	1
chr16	44280000	44360000	1
chr16	44640000	45240000	1
chr16	45360000	45400000	1
chr16	46160000	47480000	1
chr16	47640000	48200000	1
chr16	48240000	48480000	1
chr16	48600000	48640000	1
chr16	49000000	49040000	1
chr16	49080000	49160000	1
chr16	49280000	49360000	1
chr16	49600000	51520000	1
chr16	51720000	52320000	1
chr16	52360000	52400000	1
chr16	52920000	53040000	1
chr16	53160000	54080000	1
chr16	54400000	54600000	1
chr16	54760000	55200000	1
chr16	55240000	55440000	1
chr16	55560000	55720000	1
chr16	55760000	57720000	1
chr16	57840000	60960000	1
chr16	61080000	61280000	1
chr16	61560000	61600000	1
chr16	61640000	64600000	1
chr16	64760000	64920000	1
chr16	64960000	65000000	1
chr16	66000000	66120000	1
chr16	66360000	66400000	1
chr16	66640000	66680000	1
chr16	66960000	67000000	1
chr16	68200000	68280000	1
chr16	68440000	68760000	1
chr16	69320000	70640000	1
chr16	70920000	70960000	1
chr16	71160000	71280000	1
chr16	71400000	71800000	1
chr16	72560000	72600000	1
chr16	72760000	72960000	1
chr16	73000000	73120000	1
chr16	73240000	73640000	1
chr16	73800000	73880000	1
chr16	73920000	74760000	1
chr16	74800000	74840000	1
chr16	74960000	75000000	1
chr16	75160000	75760000	1
chr16	75800000	77480000	1
chr16	77920000	78000000	1
chr16	78040000	78120000	1
chr16	78160000	78240000	1
chr16	78440000	78720000	1
chr16	78760000	78800000	1
chr16	78920000	80080000	1
chr16	80120000	80240000	1
chr16	80280000	80400000	1
chr16	80520000	81000000	1
chr16	81280000	81640000	1
chr16	81680000	81720000	1
chr16	81840000	81880000	1
chr16	81920000	82720000	1
chr16	82920000	83360000	1
chr16	83359150	83399150	1
chr16	83439150	83839150	1
chr16	87559150	88919150	1
chr16	89279150	89319150	1
chr16	89879150	90999150	1
chr16	91039150	91079150	1
chr16	91359150	91399150	1
chr16	91439150	92199150	1
chr16	92519150	93359150	1
chr16	94079150	95919150	1
chr16	95959150	96359150	1
chr16	96679150	96719150	1
chr16	97159150	97199150	1
chr16	97479150	97519150	1
chr16	97639150	98119150	1
chr17	160000	200000	1
chr17	320000	360000	1
chr17	480000	800000	1
chr17	1200000	1320000	1
chr17	1480000	1560000	1
chr17	1720000	1880000	1
chr17	2240000	2280000	1
chr17	2560000	2640000	1
chr17	3480000	3720000	1
chr17	3760000	3960000	1
chr17	4080000	4200000	1
chr17	4360000	4480000	1
chr17	5000000	5920000	1
chr17	6280000	6640000	1
chr17	7360000	7920000	1
chr17	7960000	8000000	1
chr17	8040000	8320000	1
chr17	8480000	8920000	1
chr17	12040000	14640000	1
chr17	14760000	14880000	1
chr17	14920000	14960000	1
chr17	15240000	15280000	1
chr17	15720000	16160000	1
chr17	16200000	17800000	1
chr17	18480000	18720000	1
chr17	18960000	19000000	1
chr17	19120000	19160000	1
chr17	19600000	19640000	1
chr17	19760000	20720000	1
chr17	20712651	20752651	1
chr17	21112651	21912651	1
chr17	22232651	22592651	1
chr17	22632651	22992651	1
chr17	23032651	23672651	1
chr17	23912651	24192651	1
chr17	24872651	25352651	1
chr17	25632651	25832651	1
chr17	25952651	26112651	1
chr17	26232651	26552651	1
chr17	27112651	27632651	1
chr17	28472651	29672651	1
chr17	29712651	29752651	1
chr17	29872651	31232651	1
chr17	31912651	32072651	1
chr17	32232651	36712651	1
chr17	37472651	37912651	1
chr17	37952651	38152651	1
chr17	38272651	38712651	1
chr17	38952651	38992651	1
chr17	39272651	40072651	1
chr17	40352651	42792651	1
chr17	43432651	44152651	1
chr17	44192651	44272651	1
chr17	44392651	44792651	1
chr17	44832651	91832651	1
chr17	92032651	92392651	1
chr17	92592651	92832651	1
chr17	94712651	95072651	1
chr18	160000	320000	1
chr18	360000	2240000	1
chr18	2440000	2480000	1
chr18	2520000	5680000	1
chr18	5960000	6000000	1
chr18	6160000	6200000	1
chr18	6520000	9120000	1
chr18	9092031	10452031	1
chr18	10492031	11652031	1
chr18	12252031	12292031	1
chr18	12412031	12492031	1
chr18	12652031	12732031	1
chr18	12932031	13772031	1
chr18	13892031	14012031	1
chr18	14372031	16252031	1
chr18	16452031	16692031	1
chr18	16772031	17452031	1
chr18	17692031	17732031	1
chr18	17852031	18052031	1
chr18	18172031	18252031	1
chr18	18412031	18972031	1
chr18	19132031	19332031	1
chr18	19372031	19652031	1
chr18	19772031	19812031	1
chr18	19932031	20052031	1
chr18	20292031	20332031	1
chr18	20452031	20532031	1
chr18	20892031	21092031	1
chr18	21212031	21332031	1
chr18	21452031	21932031	1
chr18	22092031	22772031	1
chr18	22932031	24052031	1
chr18	24172031	24292031	1
chr18	24412031	25652031	1
chr18	25932031	26252031	1
chr18	26652031	26772031	1
chr18	27132031	27332031	1
chr18	27492031	27612031	1
chr18	27652031	28612031	1
chr18	28812031	29332031	1
chr18	29892031	30172031	1
chr18	30332031	32412031	1
chr18	32532031	32732031	1
chr18	32852031	33612031	1
chr18	33772031	33852031	1
chr18	34332031	34372031	1
chr18	34412031	34772031	1
chr18	34972031	35212031	1
chr18	35332031	36452031	1
chr18	36492031	39172031	1
chr18	39612031	40012031	1
chr18	40052031	41132031	1
chr18	41372031	41452031	1
chr18	42052031	42132031	1
chr18	42372031	43212031	1
chr18	43332031	43372031	1
chr18	43412031	43492031	1
chr18	43932031	43972031	1
chr18	44332031	45652031	1
chr18	45692031	46452031	1
chr18	46652031	48092031	1
chr18	48332031	48412031	1
chr18	48532031	49332031	1
chr18	49572031	49612031	1
chr18	49812031	49932031	1
chr18	50052031	50092031	1
chr18	50132031	50372031	1
chr18	50492031	50772031	1
chr18	50932031	51252031	1
chr18	51292031	51652031	1
chr18	51972031	53412031	1
chr18	53652031	53852031	1
chr18	54172031	54852031	1
chr18	55052031	55092031	1
chr18	55372031	55412031	1
chr18	55812031	56772031	1
chr18	56892031	57012031	1
chr18	57052031	57412031	1
chr18	57572031	57852031	1
chr18	58132031	58692031	1
chr18	58932031	59412031	1
chr18	59492031	59532031	1
chr18	59892031	60092031	1
chr18	60132031	60332031	1
chr18	60372031	60412031	1
chr18	60612031	60852031	1
chr18	60892031	60932031	1
chr18	60972031	61692031	1
chr18	61852031	62332031	1
chr18	62372031	62452031	1
chr18	62572031	62652031	1
chr18	63252031	64412031	1
chr18	64532031	64572031	1
chr18	64732031	64812031	1
chr18	64932031	65052031	1
chr18	65172031	65932031	1
chr18	66052031	66292031	1
chr18	66332031	66372031	1
chr18	66492031	66532031	1
chr18	66892031	67052031	1
chr18	67172031	67412031	1
chr18	67812031	68452031	1
chr18	68572031	69092031	1
chr18	69132031	69172031	1
chr18	70052031	70092031	1
chr18	70212031	70372031	1
chr18	70652031	70812031	1
chr18	70852031	71732031	1
chr18	71772031	74172031	1
chr18	74212031	74732031	1
chr18	74892031	75092031	1
chr18	75132031	75972031	1
chr18	76172031	76852031	1
chr18	76972031	77132031	1
chr18	77172031	77252031	1
chr18	77292031	77452031	1
chr18	77612031	78412031	1
chr18	78572031	78692031	1
chr18	78852031	79212031	1
chr18	79332031	79372031	1
chr18	79412031	79732031	1
chr18	79772031	80372031	1
chr18	80692031	80932031	1
chr18	81052031	81372031	1
chr18	81492031	83172031	1
chr18	86452031	86492031	1
chr18	86652031	88972031	1
chr18	89012031	89132031	1
chr18	89172031	89252031	1
chr18	89412031	89492031	1
chr18	89532031	89612031	1
chr18	89812031	90412031	1
chr19	160000	3440000	1
chr19	3560000	5120000	1
chr19	5520000	5920000	1
chr19	5960000	6640000	1
chr19	6760000	7120000	1
chr19	7240000	7800000	1
chr19	7920000	8040000	1
chr19	8160000	8200000	1
chr19	8320000	8360000	1
chr19	8800000	8880000	1
chr19	8920000	9680000	1
chr19	9920000	11880000	1
chr19	12120000	12360000	1
chr19	12520000	12960000	1
chr19	13000000	14000000	1
chr19	14040000	16640000	1
chr19	16800000	17240000	1
chr19	17280000	18160000	1
chr19	18200000	18360000	1
chr19	18920000	20240000	1
chr19	20360000	21520000	1
chr19	21560000	25240000	1
chr19	25280000	25360000	1
chr19	25400000	25640000	1
chr19	25760000	26880000	1
chr19	28360000	28880000	1
chr19	28920000	29280000	1
chr19	29320000	29360000	1
chr19	29480000	29600000	1
chr19	30520000	31000000	1
chr19	31120000	31160000	1
chr19	31280000	31840000	1
chr19	31960000	33000000	1
chr19	33040000	33440000	1
chr19	33720000	36280000	1
chr19	36440000	36480000	1
chr19	37120000	39440000	1
chr19	39480000	39880000	1
chr19	43200000	43320000	1
chr19	43440000	43960000	1
chr19	44080000	44280000	1
chr19	44520000	44880000	1
chr19	44942430	45062430	1
chr19	46022430	47382430	1
chr19	47422430	47502430	1
chr19	47742430	48022430	1
chr19	48142430	48262430	1
chr19	48302430	48462430	1
chr19	48622430	49942430	1
chr19	49982430	50822430	1
chr19	50942430	51142430	1
chr19	51262430	51742430	1
chr19	51942430	52022430	1
chr19	52182430	53222430	1
chr19	53742430	53782430	1
chr19	54502430	54862430	1
chr19	54982430	55222430	1
chr19	55422430	56822430	1
chr19	56942430	58022430	1
chr19	58062430	58622430	1
chr19	58662430	58742430	1
chr19	58862430	59542430	1
chr19	59702430	59742430	1
chr19	59782430	59822430	1
chr19	59942430	60062430	1
chr19	60342430	60382430	1
chr19	60502430	60542430	1
chr19	60742430	61102430	1
chr2	40000	920000	1
chr2	1120000	1160000	1
chr2	1200000	1520000	1
chr2	1680000	1960000	1
chr2	2160000	2200000	1
chr2	2240000	2480000	1
chr2	2520000	3560000	1
chr2	3680000	3800000	1
chr2	3840000	4120000	1
chr2	4920000	5360000	1
chr2	5400000	7880000	1
chr2	8160000	8200000	1
chr2	8320000	8400000	1
chr2	8440000	8520000	1
chr2	8760000	9600000	1
chr2	9720000	11440000	1
chr2	11480000	11760000	1
chr2	11920000	12040000	1
chr2	12080000	12360000	1
chr2	12600000	13080000	1
chr2	13440000	15280000	1
chr2	15320000	16080000	1
chr2	16200000	16240000	1
chr2	19320000	19480000	1
chr2	19600000	20240000	1
chr2	20400000	20840000	1
chr2	21120000	21360000	1
chr2	21400000	21440000	1
chr2	21720000	21840000	1
chr2	22000000	22040000	1
chr2	22160000	24000000	1
chr2	24520000	24760000	1
chr2	24800000	24920000	1
chr2	25040000	25080000	1
chr2	25200000	25920000	1
chr2	25960000	26200000	1
chr2	26240000	26680000	1
chr2	27000000	28160000	1
chr2	28920000	29360000	1
chr2	29520000	29560000	1
chr2	29600000	29640000	1
chr2	29760000	29880000	1
chr2	30000000	30520000	1
chr2	30640000	30800000	1
chr2	30920000	31000000	1
chr2	31120000	31160000	1
chr2	31200000	31240000	1
chr2	31280000	33080000	1
chr2	33200000	33640000	1
chr2	33960000	34440000	1
chr2	34920000	34960000	1
chr2	35080000	35840000	1
chr2	35880000	36720000	1
chr2	36960000	37040000	1
chr2	37600000	37840000	1
chr2	37880000	37920000	1
chr2	37960000	39200000	1
chr2	39480000	40080000	1
chr2	40200000	41680000	1
chr2	41800000	41880000	1
chr2	42000000	42040000	1
chr2	42240000	42440000	1
chr2	42760000	42840000	1
chr2	42880000	43000000	1
chr2	43160000	43200000	1
chr2	43400000	43600000	1
chr2	43800000	44160000	1
chr2	44240000	44800000	1
chr2	45320000	45680000	1
chr2	45840000	46200000	1
chr2	46240000	46680000	1
chr2	47400000	47440000	1
chr2	47640000	47880000	1
chr2	48040000	49520000	1
chr2	49680000	51880000	1
chr2	53320000	53440000	1
chr2	53600000	54680000	1
chr2	54920000	56320000	1
chr2	56560000	56600000	1
chr2	56640000	57600000	1
chr2	57880000	58320000	1
chr2	58440000	58480000	1
chr2	58840000	58880000	1
chr2	59000000	59040000	1
chr2	59080000	59120000	1
chr2	59240000	59360000	1
chr2	59400000	60040000	1
chr2	60080000	60160000	1
chr2	60320000	60360000	1
chr2	61760000	61800000	1
chr2	61840000	61920000	1
chr2	61960000	63840000	1
chr2	64000000	65840000	1
chr2	66080000	66800000	1
chr2	67240000	67320000	1
chr2	67880000	71600000	1
chr2	71720000	71840000	1
chr2	71960000	72080000	1
chr2	72200000	72880000	1
chr2	72920000	73080000	1
chr2	73360000	74600000	1
chr2	74720000	75400000	1
chr2	75520000	75640000	1
chr2	75680000	77240000	1
chr2	77280000	77880000	1
chr2	78040000	79000000	1
chr2	79120000	79160000	1
chr2	79320000	79560000	1
chr2	79600000	81160000	1
chr2	81320000	81480000	1
chr2	82000000	82200000	1
chr2	82240000	82440000	1
chr2	82480000	83160000	1
chr2	83400000	83480000	1
chr2	83520000	83600000	1
chr2	83960000	84600000	1
chr2	84640000	85360000	1
chr2	85520000	85600000	1
chr2	85640000	85760000	1
chr2	85800000	85840000	1
chr2	86040000	86080000	1
chr2	86120000	86520000	1
chr2	86880000	87560000	1
chr2	87680000	88480000	1
chr2	88600000	88760000	1
chr2	88880000	89440000	1
chr2	89480000	90400000	1
chr2	90880000	91080000	1
chr2	91120000	91200000	1
chr2	91560000	91640000	1
chr2	91760000	92120000	1
chr2	92680000	92920000	1
chr2	92960000	93120000	1
chr2	93320000	93680000	1
chr2	94760000	94960000	1
chr2	95080000	95840000	1
chr2	95960000	96120000	1
chr2	97320000	97480000	1
chr2	97640000	97680000	1
chr2	98240000	98360000	1
chr2	98560000	99400000	1
chr2	99680000	99840000	1
chr2	100160000	101320000	1
chr2	101440000	101680000	1
chr2	101800000	102280000	1
chr2	102320000	104160000	1
chr2	104280000	104880000	1
chr2	105280000	105760000	1
chr2	106400000	106560000	1
chr2	106600000	108600000	1
chr2	108720000	108920000	1
chr2	109120000	109200000	1
chr2	109360000	109600000	1
chr2	109840000	110280000	1
chr2	110520000	110760000	1
chr2	110800000	110840000	1
chr2	110960000	111000000	1
chr2	111160000	111560000	1
chr2	111760000	111920000	1
chr2	111960000	112120000	1
chr2	112240000	112480000	1
chr2	112800000	112840000	1
chr2	112880000	113560000	1
chr2	113600000	113760000	1
chr2	113920000	114400000	1
chr2	114520000	116080000	1
chr2	116120000	116160000	1
chr2	117440000	117720000	1
chr2	117760000	118400000	1
chr2	118520000	122560000	1
chr2	122720000	123440000	1
chr2	123640000	123760000	1
chr2	123880000	126880000	1
chr2	126920000	127200000	1
chr2	127320000	127760000	1
chr2	128200000	128240000	1
chr2	128800000	130560000	1
chr2	130840000	130880000	1
chr2	131160000	131280000	1
chr2	131320000	132120000	1
chr2	132280000	132320000	1
chr2	132440000	133160000	1
chr2	133280000	133520000	1
chr2	133560000	133680000	1
chr2	133800000	135080000	1
chr2	138120000	139520000	1
chr2	139560000	139760000	1
chr2	139920000	140680000	1
chr2	141280000	141440000	1
chr2	141640000	141960000	1
chr2	142280000	142400000	1
chr2	142440000	142560000	1
chr2	142548087	142628087	1
chr2	142788087	143828087	1
chr2	143948087	144228087	1
chr2	144268087	144508087	1
chr2	144628087	144908087	1
chr2	145028087	145108087	1
chr2	145148087	145228087	1
chr2	145268087	145348087	1
chr2	145468087	147108087	1
chr2	147308087	147588087	1
chr2	147628087	152028087	1
chr2	152068087	152148087	1
chr2	152428087	152468087	1
chr2	152508087	152548087	1
chr2	152588087	152668087	1
chr2	152708087	152748087	1
chr2	152988087	153468087	1
chr2	153588087	153628087	1
chr2	153748087	153948087	1
chr2	154068087	154188087	1
chr2	154508087	154708087	1
chr2	154828087	154948087	1
chr2	155068087	155188087	1
chr2	157468087	157508087	1
chr2	157628087	157668087	1
chr2	157788087	158628087	1
chr2	158668087	159268087	1
chr2	159428087	160068087	1
chr2	160108087	161588087	1
chr2	161628087	161708087	1
chr2	161828087	162468087	1
chr2	162588087	163748087	1
chr2	163788087	165708087	1
chr2	165948087	167828087	1
chr2	168508087	168548087	1
chr2	168708087	169948087	1
chr2	170148087	171508087	1
chr2	171548087	171748087	1
chr2	171908087	173228087	1
chr2	173268087	173508087	1
chr2	173548087	173588087	1
chr2	173708087	175308087	1
chr2	175548087	175748087	1
chr2	175988087	176028087	1
chr2	176388087	176468087	1
chr2	176508087	176548087	1
chr2	177068087	177428087	1
chr2	177508087	177668087	1
chr2	177788087	178268087	1
chr2	178388087	179268087	1
chr2	179428087	179628087	1
chr2	179748087	179828087	1
chr2	179948087	180068087	1
chr2	180588087	181148087	1
chr2	181188087	181228087	1
chr2	181428087	181628087	1
chr3	200000	2240000	1
chr3	2680000	2880000	1
chr3	3120000	3160000	1
chr3	3200000	3240000	1
chr3	3440000	5200000	1
chr3	5240000	5440000	1
chr3	5640000	5800000	1
chr3	5920000	6520000	1
chr3	6800000	10400000	1
chr3	10800000	11840000	1
chr3	11880000	13440000	1
chr3	14560000	14800000	1
chr3	14920000	14960000	1
chr3	15080000	17440000	1
chr3	17720000	49800000	1
chr3	50760000	50920000	1
chr3	51440000	51560000	1
chr3	51720000	51760000	1
chr3	52200000	52240000	1
chr3	52400000	54200000	1
chr3	54640000	55400000	1
chr3	55520000	55560000	1
chr3	55600000	55640000	1
chr3	55680000	55720000	1
chr3	56880000	56960000	1
chr3	57160000	57200000	1
chr3	57800000	57840000	1
chr3	58040000	58680000	1
chr3	58800000	58840000	1
chr3	59960000	60040000	1
chr3	60080000	60760000	1
chr3	62080000	62880000	1
chr3	62920000	63000000	1
chr3	63440000	65000000	1
chr3	65160000	66440000	1
chr3	66800000	70200000	1
chr3	70520000	70600000	1
chr3	70880000	71200000	1
chr3	71400000	71840000	1
chr3	72080000	72160000	1
chr3	72200000	72280000	1
chr3	72320000	72360000	1
chr3	72400000	73560000	1
chr3	73559783	73599783	1
chr3	73719783	73799783	1
chr3	74039783	74839783	1
chr3	74959783	74999783	1
chr3	75119783	75239783	1
chr3	75279783	75559783	1
chr3	76239783	77279783	1
chr3	77559783	78399783	1
chr3	78639783	78719783	1
chr3	79119783	79159783	1
chr3	80519783	80559783	1
chr3	80679783	80799783	1
chr3	80959783	82119783	1
chr3	82319783	82799783	1
chr3	82839783	82959783	1
chr3	83239783	83919783	1
chr3	84319783	85639783	1
chr3	85879783	85919783	1
chr3	85959783	85999783	1
chr3	86239783	86799783	1
chr3	87119783	87159783	1
chr3	87399783	87439783	1
chr3	87559783	87599783	1
chr3	88799783	89159783	1
chr3	89199783	89519783	1
chr3	89639783	89679783	1
chr3	89919783	93119783	1
chr3	93239783	96839783	1
chr3	97159783	97519783	1
chr3	97839783	98319783	1
chr3	98439783	99239783	1
chr3	100079783	100279783	1
chr3	100519783	100639783	1
chr3	100759783	100799783	1
chr3	101039783	102079783	1
chr3	102399783	102559783	1
chr3	102999783	103039783	1
chr3	103239783	103279783	1
chr3	103399783	104319783	1
chr3	104799783	104839783	1
chr3	105799783	105959783	1
chr3	106119783	106199783	1
chr3	106319783	106479783	1
chr3	106519783	106559783	1
chr3	106599783	106719783	1
chr3	107959783	107999783	1
chr3	108159783	108239783	1
chr3	111759783	111799783	1
chr3	112199783	112239783	1
chr3	112719783	112759783	1
chr3	112879783	113239783	1
chr3	113279783	113399783	1
chr3	113559783	113599783	1
chr3	114759783	115839783	1
chr3	116399783	116479783	1
chr3	116519783	120479783	1
chr3	120639783	122119783	1
chr3	122239783	122319783	1
chr3	122639783	125599783	1
chr3	126359783	126439783	1
chr3	126599783	126959783	1
chr3	127119783	127319783	1
chr3	127519783	127559783	1
chr3	127759783	128959783	1
chr3	129239783	129279783	1
chr3	129479783	129919783	1
chr3	130119783	130319783	1
chr3	130679783	131839783	1
chr3	132119783	132159783	1
chr3	132279783	134559783	1
chr3	134759783	134959783	1
chr3	134999783	135039783	1
chr3	135079783	137239783	1
chr3	137279783	138959783	1
chr3	139079783	139359783	1
chr3	139559783	139599783	1
chr3	140239783	140359783	1
chr3	140719783	142359783	1
chr3	142399783	143039783	1
chr3	143079783	144559783	1
chr3	144759783	145199783	1
chr3	145319783	145519783	1
chr3	146279783	146439783	1
chr3	146479783	149759783	1
chr3	149919783	149959783	1
chr3	150119783	150199783	1
chr3	150399783	150839783	1
chr3	150959783	150999783	1
chr3	151199783	151239783	1
chr3	151399783	152079783	1
chr3	152559783	152599783	1
chr3	152879783	152919783	1
chr3	153719783	153759783	1
chr3	154119783	154159783	1
chr3	154279783	154319783	1
chr3	154599783	158719783	1
chr3	158759783	159119783	1
chr3	159279783	159399783	1
chr4	160000	480000	1
chr4	840000	1680000	1
chr4	1960000	2000000	1
chr4	2040000	2480000	1
chr4	2520000	2640000	1
chr4	2760000	2800000	1
chr4	2920000	6440000	1
chr4	6880000	8160000	1
chr4	8200000	8640000	1
chr4	8680000	8760000	1
chr4	8800000	9240000	1
chr4	9360000	9800000	1
chr4	9840000	9880000	1
chr4	10120000	10160000	1
chr4	10200000	10280000	1
chr4	10480000	10640000	1
chr4	10760000	10800000	1
chr4	11200000	11480000	1
chr4	11520000	11560000	1
chr4	11800000	12080000	1
chr4	15600000	15880000	1
chr4	15920000	18120000	1
chr4	18440000	18840000	1
chr4	18960000	20160000	1
chr4	20560000	21200000	1
chr4	21240000	21400000	1
chr4	21680000	21800000	1
chr4	21840000	21920000	1
chr4	22240000	22840000	1
chr4	23120000	23200000	1
chr4	23240000	23520000	1
chr4	23720000	24080000	1
chr4	24240000	25560000	1
chr4	25600000	25760000	1
chr4	25800000	26560000	1
chr4	28280000	30080000	1
chr4	30200000	31200000	1
chr4	31680000	32040000	1
chr4	32160000	32560000	1
chr4	33800000	34120000	1
chr4	34160000	34200000	1
chr4	34240000	34480000	1
chr4	34600000	34640000	1
chr4	34760000	34840000	1
chr4	34880000	35320000	1
chr4	35480000	36160000	1
chr4	36440000	36520000	1
chr4	36560000	36720000	1
chr4	38680000	39640000	1
chr4	39680000	40040000	1
chr4	40600000	41000000	1
chr4	41040000	41080000	1
chr4	41200000	41840000	1
chr4	41880000	41920000	1
chr4	42160000	42840000	1
chr4	42880000	43320000	1
chr4	43760000	43800000	1
chr4	43840000	45120000	1
chr4	45960000	47280000	1
chr4	47480000	48520000	1
chr4	48560000	49040000	1
chr4	49080000	49400000	1
chr4	49560000	49600000	1
chr4	49760000	49920000	1
chr4	49960000	50080000	1
chr4	50280000	50400000	1
chr4	50720000	51000000	1
chr4	51040000	53080000	1
chr4	53400000	53880000	1
chr4	54040000	54160000	1
chr4	54280000	54440000	1
chr4	54480000	54520000	1
chr4	54560000	55720000	1
chr4	55960000	58600000	1
chr4	58800000	61400000	1
chr4	61520000	62120000	1
chr4	62280000	63480000	1
chr4	63640000	63760000	1
chr4	63800000	64440000	1
chr4	64640000	64800000	1
chr4	64960000	65000000	1
chr4	65400000	65600000	1
chr4	65760000	65800000	1
chr4	65920000	66040000	1
chr4	66080000	66200000	1
chr4	66880000	67600000	1
chr4	70080000	70120000	1
chr4	70320000	70680000	1
chr4	70800000	70960000	1
chr4	71000000	71040000	1
chr4	71960000	75000000	1
chr4	75120000	76880000	1
chr4	76920000	77160000	1
chr4	77560000	78600000	1
chr4	78800000	78840000	1
chr4	78960000	79040000	1
chr4	79520000	81120000	1
chr4	81160000	81720000	1
chr4	81880000	81920000	1
chr4	81960000	82480000	1
chr4	82520000	82600000	1
chr4	82760000	83120000	1
chr4	83280000	83320000	1
chr4	83680000	83720000	1
chr4	84040000	84600000	1
chr4	84840000	86440000	1
chr4	86560000	89880000	1
chr4	89920000	90360000	1
chr4	90400000	91160000	1
chr4	91200000	94200000	1
chr4	94440000	94640000	1
chr4	94680000	94720000	1
chr4	94840000	99280000	1
chr4	99320000	100120000	1
chr4	100160000	100200000	1
chr4	100560000	101600000	1
chr4	101920000	102360000	1
chr4	102560000	102680000	1
chr4	103280000	103480000	1
chr4	103760000	103800000	1
chr4	103920000	104120000	1
chr4	104280000	104920000	1
chr4	105280000	105520000	1
chr4	105560000	106200000	1
chr4	106760000	107200000	1
chr4	107240000	107280000	1
chr4	107480000	107600000	1
chr4	107670120	107710120	1
chr4	108030120	109470120	1
chr4	109590120	109870120	1
chr4	110710120	110910120	1
chr4	112830120	114150120	1
chr4	114190120	114430120	1
chr4	114550120	114590120	1
chr4	114710120	114790120	1
chr4	115030120	115150120	1
chr4	115630120	115670120	1
chr4	115790120	115990120	1
chr4	116030120	116070120	1
chr4	116190120	116870120	1
chr4	116910120	117030120	1
chr4	117150120	117270120	1
chr4	118070120	119470120	1
chr4	119630120	120070120	1
chr4	120790120	121190120	1
chr4	121230120	121270120	1
chr4	121590120	122270120	1
chr4	122510120	122630120	1
chr4	122670120	123990120	1
chr4	124310120	124750120	1
chr4	125390120	126390120	1
chr4	126510120	126870120	1
chr4	128030120	128310120	1
chr4	128350120	128630120	1
chr4	129030120	129590120	1
chr4	129630120	130350120	1
chr4	130550120	131070120	1
chr4	131510120	133550120	1
chr4	134310120	134630120	1
chr4	134670120	134710120	1
chr4	135070120	135710120	1
chr4	135750120	136710120	1
chr4	136870120	138510120	1
chr4	138630120	138990120	1
chr4	139030120	139310120	1
chr4	140750120	142670120	1
chr4	142710120	144510120	1
chr4	144670120	144710120	1
chr4	144950120	145550120	1
chr4	145750120	146030120	1
chr4	146070120	146230120	1
chr4	146510120	146870120	1
chr4	147030120	147110120	1
chr4	147150120	147350120	1
chr4	147710120	147950120	1
chr4	148110120	148470120	1
chr4	148590120	148630120	1
chr4	148670120	149190120	1
chr4	150230120	150550120	1
chr4	150830120	151070120	1
chr4	151510120	152750120	1
chr4	153110120	155430120	1
chr4	155470120	155510120	1
chr5	40000	80000	1
chr5	520000	680000	1
chr5	920000	1520000	1
chr5	1560000	1640000	1
chr5	1840000	1920000	1
chr5	2800000	3960000	1
chr5	4120000	4480000	1
chr5	4600000	5240000	1
chr5	5440000	5480000	1
chr5	5520000	5560000	1
chr5	5680000	5840000	1
chr5	5960000	6440000	1
chr5	6480000	8120000	1
chr5	8240000	8280000	1
chr5	8960000	9000000	1
chr5	9240000	10640000	1
chr5	10840000	10880000	1
chr5	10920000	10960000	1
chr5	11680000	12720000	1
chr5	13080000	14560000	1
chr5	14840000	14880000	1
chr5	15160000	15680000	1
chr5	15840000	17560000	1
chr5	17680000	18320000	1
chr5	18840000	19520000	1
chr5	19640000	19720000	1
chr5	19840000	20240000	1
chr5	20560000	20680000	1
chr5	20880000	20920000	1
chr5	21080000	21320000	1
chr5	21760000	25560000	1
chr5	25880000	25920000	1
chr5	25960000	26080000	1
chr5	26280000	26400000	1
chr5	26520000	26800000	1
chr5	27120000	27200000	1
chr5	27320000	27520000	1
chr5	27800000	28440000	1
chr5	28480000	29560000	1
chr5	29720000	29800000	1
chr5	29960000	30000000	1
chr5	30200000	30800000	1
chr5	30840000	31760000	1
chr5	31960000	32240000	1
chr5	32400000	32480000	1
chr5	32520000	32600000	1
chr5	32720000	33040000	1
chr5	33080000	33680000	1
chr5	34240000	34600000	1
chr5	34720000	34800000	1
chr5	34920000	34960000	1
chr5	35080000	35360000	1
chr5	35720000	35840000	1
chr5	36440000	36480000	1
chr5	36720000	38000000	1
chr5	38040000	39080000	1
chr5	39480000	39520000	1
chr5	39560000	39600000	1
chr5	40000000	40160000	1
chr5	40200000	40400000	1
chr5	40680000	41160000	1
chr5	41320000	41960000	1
chr5	42160000	42880000	1
chr5	43000000	43680000	1
chr5	43840000	44680000	1
chr5	44800000	44840000	1
chr5	45080000	46360000	1
chr5	46600000	46640000	1
chr5	46680000	46720000	1
chr5	46760000	47920000	1
chr5	48040000	48680000	1
chr5	48800000	48840000	1
chr5	49120000	49200000	1
chr5	49240000	49280000	1
chr5	49400000	49520000	1
chr5	49560000	49760000	1
chr5	50280000	64920000	1
chr5	65040000	65480000	1
chr5	65600000	65960000	1
chr5	66360000	66400000	1
chr5	66520000	68600000	1
chr5	68640000	68760000	1
chr5	69120000	70840000	1
chr5	71280000	71360000	1
chr5	71680000	71720000	1
chr5	71840000	72320000	1
chr5	72720000	73720000	1
chr5	74080000	75840000	1
chr5	76040000	76240000	1
chr5	76680000	76720000	1
chr5	76760000	81360000	1
chr5	81520000	82280000	1
chr5	82400000	83160000	1
chr5	83280000	83360000	1
chr5	84000000	85520000	1
chr5	85640000	85920000	1
chr5	85960000	86040000	1
chr5	86400000	86480000	1
chr5	86600000	86640000	1
chr5	87080000	87880000	1
chr5	88000000	88160000	1
chr5	91480000	94920000	1
chr5	95160000	95400000	1
chr5	95800000	96640000	1
chr5	96680000	96800000	1
chr5	97080000	97200000	1
chr5	97520000	97600000	1
chr5	97640000	98120000	1
chr5	98160000	98240000	1
chr5	98400000	98440000	1
chr5	98480000	98800000	1
chr5	99360000	99400000	1
chr5	99560000	99600000	1
chr5	99840000	101880000	1
chr5	102120000	102200000	1
chr5	102240000	102480000	1
chr5	102840000	102960000	1
chr5	103160000	103200000	1
chr5	103320000	103440000	1
chr5	103560000	103680000	1
chr5	104040000	105280000	1
chr5	105920000	106160000	1
chr5	106560000	107040000	1
chr5	107200000	107240000	1
chr5	107440000	111240000	1
chr5	111400000	111680000	1
chr5	111920000	112400000	1
chr5	112520000	115000000	1
chr5	115120000	115480000	1
chr5	116080000	116160000	1
chr5	116200000	116240000	1
chr5	116360000	117160000	1
chr5	117280000	118440000	1
chr5	119080000	119320000	1
chr5	119520000	121000000	1
chr5	121440000	123160000	1
chr5	123200000	123240000	1
chr5	123280000	124680000	1
chr5	124840000	125320000	1
chr5	125440000	125480000	1
chr5	125520000	126000000	1
chr5	126040000	126560000	1
chr5	126680000	126760000	1
chr5	126960000	127160000	1
chr5	127280000	127320000	1
chr5	127440000	128240000	1
chr5	128440000	128480000	1
chr5	128680000	129120000	1
chr5	129360000	129440000	1
chr5	130680000	131040000	1
chr5	131360000	131720000	1
chr5	132040000	134920000	1
chr5	135800000	135920000	1
chr5	136560000	137400000	1
chr5	137737259	138577259	1
chr5	138697259	139097259	1
chr5	140217259	140457259	1
chr5	140577259	141257259	1
chr5	141497259	141537259	1
chr5	141657259	141697259	1
chr5	141817259	142817259	1
chr5	142937259	143377259	1
chr5	143497259	143857259	1
chr5	144057259	144097259	1
chr5	144217259	144417259	1
chr5	144697259	144817259	1
chr5	147417259	147737259	1
chr5	148137259	149257259	1
chr5	149377259	150057259	1
chr5	150457259	150497259	1
chr5	150537259	150577259	1
chr5	150697259	150737259	1
chr5	150857259	150897259	1
chr5	150937259	152417259	1
chr6	320000	440000	1
chr6	680000	1320000	1
chr6	1360000	1400000	1
chr6	1840000	1920000	1
chr6	2200000	2240000	1
chr6	2400000	2680000	1
chr6	2840000	2880000	1
chr6	3000000	4080000	1
chr6	4360000	6000000	1
chr6	6200000	6240000	1
chr6	6280000	6320000	1
chr6	6360000	6520000	1
chr6	6800000	7600000	1
chr6	7640000	8080000	1
chr6	8200000	8240000	1
chr6	8360000	8480000	1
chr6	8600000	9280000	1
chr6	11200000	11360000	1
chr6	13040000	13120000	1
chr6	13320000	14480000	1
chr6	16240000	16400000	1
chr6	17200000	17240000	1
chr6	17280000	18200000	1
chr6	18800000	18840000	1
chr6	19360000	20800000	1
chr6	20840000	24760000	1
chr6	24800000	24840000	1
chr6	25760000	26080000	1
chr6	26120000	26160000	1
chr6	26600000	26640000	1
chr6	26680000	26760000	1
chr6	26800000	27120000	1
chr6	27520000	28200000	1
chr6	29240000	30560000	1
chr6	31360000	31400000	1
chr6	31520000	31560000	1
chr6	31760000	31800000	1
chr6	31840000	32520000	1
chr6	32800000	32840000	1
chr6	33000000	33960000	1
chr6	34120000	34320000	1
chr6	34680000	36400000	1
chr6	36440000	37480000	1
chr6	38800000	38920000	1
chr6	39160000	43960000	1
chr6	44240000	45200000	1
chr6	45240000	45280000	1
chr6	45320000	45360000	1
chr6	45400000	45440000	1
chr6	45560000	45600000	1
chr6	45760000	45840000	1
chr6	46080000	46680000	1
chr6	46720000	48200000	1
chr6	48320000	48520000	1
chr6	48800000	48920000	1
chr6	49080000	50080000	1
chr6	50240000	50280000	1
chr6	50440000	50560000	1
chr6	50760000	51200000	1
chr6	51400000	52800000	1
chr6	53160000	53200000	1
chr6	53520000	53560000	1
chr6	53680000	54040000	1
chr6	54160000	54200000	1
chr6	54240000	54960000	1
chr6	55000000	55320000	1
chr6	55360000	55480000	1
chr6	56280000	58080000	1
chr6	58120000	58600000	1
chr6	58800000	59000000	1
chr6	59160000	59200000	1
chr6	59240000	62040000	1
chr6	62200000	62880000	1
chr6	63000000	63240000	1
chr6	63360000	63400000	1
chr6	64200000	64240000	1
chr6	64480000	64520000	1
chr6	64800000	64960000	1
chr6	65080000	65160000	1
chr6	65200000	65640000	1
chr6	65680000	67080000	1
chr6	67120000	67240000	1
chr6	67520000	68640000	1
chr6	68760000	68800000	1
chr6	69200000	69680000	1
chr6	69840000	69880000	1
chr6	70160000	70400000	1
chr6	70560000	71680000	1
chr6	71720000	71760000	1
chr6	71880000	72840000	1
chr6	72960000	74320000	1
chr6	74600000	74960000	1
chr6	75000000	75600000	1
chr6	75720000	76400000	1
chr6	76560000	76600000	1
chr6	76720000	76760000	1
chr6	77640000	77680000	1
chr6	77800000	77880000	1
chr6	78200000	80040000	1
chr6	80560000	80880000	1
chr6	80920000	81240000	1
chr6	81600000	83320000	1
chr6	83840000	84560000	1
chr6	84760000	85480000	1
chr6	85520000	91440000	1
chr6	91480000	91760000	1
chr6	91920000	92280000	1
chr6	92640000	93280000	1
chr6	93440000	93600000	1
chr6	93640000	93760000	1
chr6	93960000	94000000	1
chr6	94320000	95080000	1
chr6	95200000	95920000	1
chr6	96400000	96440000	1
chr6	96720000	96800000	1
chr6	96920000	99000000	1
chr6	99040000	99360000	1
chr6	99400000	100040000	1
chr6	100280000	100720000	1
chr6	100920000	101160000	1
chr6	101520000	101560000	1
chr6	101920000	101960000	1
chr6	102000000	102680000	1
chr6	102800000	103920000	1
chr6	104040000	107560000	1
chr6	107600000	108360000	1
chr6	108400000	108720000	1
chr6	108760000	108800000	1
chr6	108840000	108880000	1
chr6	108920000	109160000	1
chr6	109360000	111480000	1
chr6	111520000	111560000	1
chr6	111800000	111960000	1
chr6	112160000	113480000	1
chr6	113680000	113720000	1
chr6	113840000	113960000	1
chr6	114000000	115000000	1
chr6	115040000	115360000	1
chr6	115480000	115560000	1
chr6	115680000	116560000	1
chr6	117440000	118240000	1
chr6	118360000	119280000	1
chr6	119480000	119640000	1
chr6	119680000	119720000	1
chr6	119920000	120360000	1
chr6	120400000	120480000	1
chr6	121120000	121200000	1
chr6	121440000	122440000	1
chr6	122960000	123000000	1
chr6	123040000	123080000	1
chr6	123200000	123520000	1
chr6	123640000	123680000	1
chr6	124000000	124200000	1
chr6	124480000	125120000	1
chr6	125400000	126680000	1
chr6	127440000	128600000	1
chr6	128597037	128637037	1
chr6	128677037	130757037	1
chr6	131157037	131477037	1
chr6	131757037	131957037	1
chr6	132157037	132197037	1
chr6	132517037	133437037	1
chr6	133597037	133957037	1
chr6	136117037	136997037	1
chr6	137037037	137077037	1
chr6	137277037	138277037	1
chr6	138597037	138637037	1
chr6	138677037	138797037	1
chr6	138917037	139237037	1
chr6	139397037	140117037	1
chr6	140317037	140517037	1
chr6	140957037	144037037	1
chr6	144477037	145437037	1
chr6	145557037	145677037	1
chr6	145997037	146077037	1
chr7	200000	400000	1
chr7	520000	2120000	1
chr7	2960000	3160000	1
chr7	3280000	3480000	1
chr7	3640000	3680000	1
chr7	3720000	20920000	1
chr7	21080000	21280000	1
chr7	21320000	21360000	1
chr7	21560000	22680000	1
chr7	23160000	23200000	1
chr7	23360000	23400000	1
chr7	23520000	23600000	1
chr7	26840000	27480000	1
chr7	27960000	28960000	1
chr7	29080000	32480000	1
chr7	33400000	33440000	1
chr7	33800000	33960000	1
chr7	34120000	34320000	1
chr7	34360000	34400000	1
chr7	34440000	34480000	1
chr7	34600000	36080000	1
chr7	36280000	36320000	1
chr7	36680000	37680000	1
chr7	37800000	38400000	1
chr7	38640000	39040000	1
chr7	39080000	39400000	1
chr7	40160000	56080000	1
chr7	56840000	57160000	1
chr7	57200000	57240000	1
chr7	57600000	58440000	1
chr7	58480000	58520000	1
chr7	58640000	58680000	1
chr7	58960000	59000000	1
chr7	59040000	59760000	1
chr7	60160000	60400000	1
chr7	60364553	60604553	1
chr7	61164553	61644553	1
chr7	61684553	61924553	1
chr7	61964553	62004553	1
chr7	62364553	62604553	1
chr7	62644553	62924553	1
chr7	63044553	64844553	1
chr7	65404553	65804553	1
chr7	65844553	66364553	1
chr7	66684553	66724553	1
chr7	66924553	66964553	1
chr7	67004553	67044553	1
chr7	67444553	71884553	1
chr7	72764553	72804553	1
chr7	72844553	72924553	1
chr7	73284553	73364553	1
chr7	73604553	74804553	1
chr7	75044553	75484553	1
chr7	75524553	75564553	1
chr7	77364553	77844553	1
chr7	78084553	78524553	1
chr7	78644553	78684553	1
chr7	78724553	78764553	1
chr7	78804553	78924553	1
chr7	79604553	79684553	1
chr7	79804553	82844553	1
chr7	83044553	83084553	1
chr7	83124553	83164553	1
chr7	84804553	85484553	1
chr7	85684553	85764553	1
chr7	85804553	86004553	1
chr7	86364553	86484553	1
chr7	86524553	86724553	1
chr7	91044553	91164553	1
chr7	91324553	91364553	1
chr7	92764553	93204553	1
chr7	93324553	93644553	1
chr7	93764553	93844553	1
chr7	94084553	95484553	1
chr7	95644553	96204553	1
chr7	103804553	103844553	1
chr7	103964553	109964553	1
chr7	110244553	111404553	1
chr7	111524553	128244553	1
chr7	128964553	133164553	1
chr7	136004553	136044553	1
chr7	136084553	136124553	1
chr7	140124553	140324553	1
chr7	140604553	140644553	1
chr7	140804553	144844553	1
chr7	146164553	146764553	1
chr7	147044553	149684553	1
chr7	149804553	149884553	1
chr7	149924553	149964553	1
chr7	150084553	150204553	1
chr7	150244553	150524553	1
chr7	150644553	151004553	1
chr7	151204553	151484553	1
chr7	151524553	151764553	1
chr7	152124553	152204553	1
chr8	120000	1800000	1
chr8	1960000	4480000	1
chr8	4760000	4920000	1
chr8	4960000	5800000	1
chr8	5840000	5920000	1
chr8	6160000	6200000	1
chr8	6360000	7800000	1
chr8	7920000	7960000	1
chr8	8000000	8320000	1
chr8	8560000	9880000	1
chr8	10160000	10240000	1
chr8	10360000	10600000	1
chr8	10640000	10680000	1
chr8	10840000	11120000	1
chr8	11240000	11280000	1
chr8	11400000	11680000	1
chr8	11760000	11800000	1
chr8	12120000	12160000	1
chr8	12280000	12320000	1
chr8	12440000	12760000	1
chr8	12920000	15000000	1
chr8	15120000	15160000	1
chr8	15200000	15280000	1
chr8	15440000	15680000	1
chr8	16160000	16280000	1
chr8	16480000	17840000	1
chr8	17880000	18160000	1
chr8	18360000	20320000	1
chr8	23520000	23600000	1
chr8	23880000	25000000	1
chr8	25160000	25200000	1
chr8	25480000	27120000	1
chr8	27160000	27440000	1
chr8	27480000	27600000	1
chr8	28120000	28880000	1
chr8	29280000	29480000	1
chr8	29680000	31200000	1
chr8	31600000	32120000	1
chr8	32160000	32320000	1
chr8	32440000	32960000	1
chr8	33240000	33520000	1
chr8	33560000	33600000	1
chr8	33720000	33840000	1
chr8	33880000	36960000	1
chr8	37120000	37200000	1
chr8	37400000	37600000	1
chr8	37640000	37680000	1
chr8	37840000	38520000	1
chr8	38800000	39400000	1
chr8	39600000	39640000	1
chr8	40040000	40320000	1
chr8	40520000	41200000	1
chr8	41320000	41360000	1
chr8	41480000	41520000	1
chr8	41640000	41760000	1
chr8	42040000	42240000	1
chr8	42360000	42520000	1
chr8	42640000	42680000	1
chr8	42800000	42840000	1
chr8	43000000	45320000	1
chr8	45720000	45800000	1
chr8	46160000	46280000	1
chr8	46400000	46440000	1
chr8	46560000	46720000	1
chr8	46760000	46800000	1
chr8	47000000	48120000	1
chr8	48480000	49080000	1
chr8	49200000	49400000	1
chr8	50040000	50080000	1
chr8	50120000	50280000	1
chr8	50320000	50400000	1
chr8	50720000	50760000	1
chr8	50800000	50840000	1
chr8	51000000	51080000	1
chr8	51680000	52640000	1
chr8	52680000	52760000	1
chr8	52920000	53360000	1
chr8	53560000	53640000	1
chr8	53840000	53880000	1
chr8	54400000	54480000	1
chr8	54760000	54800000	1
chr8	54920000	55040000	1
chr8	55280000	55360000	1
chr8	55720000	56760000	1
chr8	56880000	58120000	1
chr8	58240000	58320000	1
chr8	58360000	58960000	1
chr8	59120000	59160000	1
chr8	59360000	59440000	1
chr8	59560000	59600000	1
chr8	59800000	60000000	1
chr8	60200000	60920000	1
chr8	61200000	62600000	1
chr8	64280000	64400000	1
chr8	64440000	64760000	1
chr8	64880000	64960000	1
chr8	65240000	65800000	1
chr8	65840000	66120000	1
chr8	66160000	66720000	1
chr8	66880000	67800000	1
chr8	68040000	69400000	1
chr8	69520000	69560000	1
chr8	70280000	70320000	1
chr8	70560000	70600000	1
chr8	70640000	70680000	1
chr8	70720000	70760000	1
chr8	70800000	72720000	1
chr8	72760000	73520000	1
chr8	73680000	73960000	1
chr8	77120000	77640000	1
chr8	77680000	77920000	1
chr8	78040000	78160000	1
chr8	78320000	79400000	1
chr8	79440000	79480000	1
chr8	79520000	81360000	1
chr8	81560000	81600000	1
chr8	81640000	82000000	1
chr8	82520000	82680000	1
chr8	82880000	82920000	1
chr8	83400000	85480000	1
chr8	85640000	87520000	1
chr8	87760000	87800000	1
chr8	87840000	88040000	1
chr8	88080000	90520000	1
chr8	90640000	90760000	1
chr8	90800000	91000000	1
chr8	91120000	91440000	1
chr8	91480000	91520000	1
chr8	91560000	91680000	1
chr8	92040000	92680000	1
chr8	93720000	93840000	1
chr8	93880000	98720000	1
chr8	98920000	99040000	1
chr8	99280000	99800000	1
chr8	99920000	100000000	1
chr8	100120000	100520000	1
chr8	100640000	100720000	1
chr8	101040000	101200000	1
chr8	101480000	102720000	1
chr8	102840000	102960000	1
chr8	103240000	104800000	1
chr8	105040000	106560000	1
chr8	106898871	106978871	1
chr8	107098871	107138871	1
chr8	107338871	108218871	1
chr8	108698871	108738871	1
chr8	108778871	109098871	1
chr8	109298871	109618871	1
chr8	109738871	109898871	1
chr8	111898871	112018871	1
chr8	112418871	114018871	1
chr8	114058871	114098871	1
chr8	114138871	114178871	1
chr8	114298871	115098871	1
chr8	115218871	115258871	1
chr8	115298871	115698871	1
chr8	115898871	118218871	1
chr8	118338871	118658871	1
chr8	118898871	118938871	1
chr8	119058871	119658871	1
chr8	119938871	120138871	1
chr8	120298871	125178871	1
chr8	125298871	125378871	1
chr8	125498871	125898871	1
chr8	125938871	125978871	1
chr8	126218871	126498871	1
chr8	126618871	127458871	1
chr8	127578871	127658871	1
chr8	128058871	128618871	1
chr8	128738871	128938871	1
chr8	129178871	129218871	1
chr8	129258871	130858871	1
chr8	131258871	131338871	1
chr8	131458871	131498871	1
chr9	240000	320000	1
chr9	360000	400000	1
chr9	440000	640000	1
chr9	800000	1320000	1
chr9	1360000	1800000	1
chr9	2720000	3640000	1
chr9	3680000	3720000	1
chr9	3840000	6160000	1
chr9	6200000	6280000	1
chr9	6400000	7560000	1
chr9	7600000	8040000	1
chr9	8320000	9560000	1
chr9	10080000	10240000	1
chr9	10280000	10480000	1
chr9	10520000	10600000	1
chr9	10640000	10800000	1
chr9	11360000	14760000	1
chr9	15080000	15840000	1
chr9	16120000	17920000	1
chr9	18240000	18280000	1
chr9	18360000	18400000	1
chr9	18440000	20120000	1
chr9	20160000	20240000	1
chr9	20280000	22560000	1
chr9	22720000	22760000	1
chr9	22800000	23280000	1
chr9	23400000	23560000	1
chr9	23880000	24160000	1
chr9	24280000	24440000	1
chr9	24800000	25680000	1
chr9	25720000	26080000	1
chr9	26120000	26160000	1
chr9	26280000	28280000	1
chr9	28400000	28440000	1
chr9	28560000	28600000	1
chr9	29080000	29200000	1
chr9	29240000	30760000	1
chr9	31000000	31040000	1
chr9	31160000	31920000	1
chr9	32240000	32960000	1
chr9	33080000	33240000	1
chr9	33280000	33800000	1
chr9	33920000	34560000	1
chr9	34680000	34960000	1
chr9	35080000	35120000	1
chr9	35280000	35640000	1
chr9	35800000	36200000	1
chr9	36240000	37120000	1
chr9	37480000	37520000	1
chr9	37640000	37880000	1
chr9	38000000	38080000	1
chr9	38600000	39040000	1
chr9	39080000	39120000	1
chr9	39320000	39680000	1
chr9	39840000	39880000	1
chr9	40040000	40440000	1
chr9	40960000	41120000	1
chr9	41520000	41560000	1
chr9	41840000	42000000	1
chr9	42120000	43520000	1
chr9	43680000	43720000	1
chr9	43880000	44560000	1
chr9	44680000	44720000	1
chr9	44760000	45400000	1
chr9	45520000	45600000	1
chr9	45640000	46160000	1
chr9	46200000	46280000	1
chr9	46320000	47480000	1
chr9	47600000	47640000	1
chr9	48040000	48080000	1
chr9	48640000	49480000	1
chr9	49680000	51400000	1
chr9	51440000	51880000	1
chr9	52040000	52800000	1
chr9	52960000	53000000	1
chr9	53520000	54240000	1
chr9	54360000	54400000	1
chr9	54600000	56440000	1
chr9	56480000	56600000	1
chr9	56640000	56680000	1
chr9	57000000	57040000	1
chr9	57360000	57560000	1
chr9	57680000	58080000	1
chr9	58120000	58360000	1
chr9	58600000	58720000	1
chr9	58840000	58960000	1
chr9	59000000	59040000	1
chr9	59240000	62440000	1
chr9	62480000	63320000	1
chr9	63640000	63840000	1
chr9	63880000	64200000	1
chr9	64320000	65000000	1
chr9	65200000	65240000	1
chr9	65640000	65720000	1
chr9	65760000	65880000	1
chr9	66000000	66040000	1
chr9	66280000	66920000	1
chr9	67320000	67640000	1
chr9	67680000	67720000	1
chr9	68120000	68920000	1
chr9	68960000	69040000	1
chr9	69320000	69360000	1
chr9	69800000	69920000	1
chr9	69960000	70960000	1
chr9	71080000	71600000	1
chr9	71640000	71760000	1
chr9	72440000	72560000	1
chr9	73040000	73360000	1
chr9	73400000	73440000	1
chr9	73480000	73520000	1
chr9	73560000	73720000	1
chr9	74840000	74880000	1
chr9	74920000	75200000	1
chr9	76160000	76320000	1
chr9	76360000	76680000	1
chr9	76880000	76920000	1
chr9	77280000	77320000	1
chr9	77360000	78400000	1
chr9	78560000	78640000	1
chr9	78680000	79120000	1
chr9	79320000	79560000	1
chr9	79680000	79840000	1
chr9	79880000	80040000	1
chr9	80320000	80360000	1
chr9	80600000	81520000	1
chr9	81560000	84120000	1
chr9	84160000	84200000	1
chr9	84400000	86160000	1
chr9	86320000	86400000	1
chr9	86760000	86920000	1
chr9	87120000	87760000	1
chr9	88000000	88200000	1
chr9	88320000	88440000	1
chr9	88480000	89880000	1
chr9	90040000	92400000	1
chr9	92520000	92560000	1
chr9	92760000	93320000	1
chr9	93400000	93760000	1
chr9	93880000	94720000	1
chr9	94840000	95480000	1
chr9	95640000	95720000	1
chr9	95760000	95800000	1
chr9	95920000	96040000	1
chr9	96160000	96280000	1
chr9	96400000	97080000	1
chr9	97280000	97520000	1
chr9	97680000	98240000	1
chr9	98360000	98600000	1
chr9	98640000	98680000	1
chr9	98720000	98920000	1
chr9	98960000	99120000	1
chr9	99400000	99480000	1
chr9	99520000	99720000	1
chr9	99880000	100200000	1
chr9	100320000	101240000	1
chr9	101400000	102400000	1
chr9	103240000	103280000	1
chr9	103640000	103880000	1
chr9	104120000	104280000	1
chr9	104320000	104760000	1
chr9	104800000	105240000	1
chr9	105400000	105440000	1
chr9	105480000	105800000	1
chr9	106200000	106360000	1
chr9	106760000	106800000	1
chr9	107040000	107200000	1
chr9	107320000	109120000	1
chr9	109240000	109280000	1
chr9	109520000	109600000	1
chr9	109920000	110520000	1
chr9	110560000	110880000	1
chr9	111200000	111520000	1
chr9	111560000	111760000	1
chr9	111960000	112280000	1
chr9	112400000	112560000	1
chr9	115920000	116360000	1
chr9	116520000	117320000	1
chr9	117360000	117400000	1
chr9	117560000	117640000	1
chr9	117796172	118476172	1
chr9	118516172	118916172	1
chr9	118956172	119316172	1
chr9	119556172	119956172	1
chr9	119996172	120436172	1
chr9	120476172	121676172	1
chr9	121836172	122396172	1
chr9	122676172	123316172	1
chr9	123476172	123716172	1
chr9	123756172	124036172	1
