1	chr10	200000	1080000	-1	1
2	chr10	1200000	3080000	-1	1
3	chr10	3120000	3200000	-1	1
4	chr10	3240000	4840000	-1	1
5	chr10	4880000	5440000	-1	1
6	chr10	5480000	6000000	-1	1
7	chr10	6040000	6520000	-1	1
8	chr10	6560000	11880000	-1	1
9	chr10	11920000	12280000	-1	1
10	chr10	12320000	13240000	-1	1
11	chr10	13280000	13440000	-1	1
12	chr10	13480000	13680000	-1	1
13	chr10	13720000	14960000	-1	1
14	chr10	15000000	15480000	-1	1
15	chr10	15520000	15960000	-1	1
16	chr10	16840000	16880000	-1	1
17	chr10	16920000	17360000	-1	1
18	chr10	17400000	17840000	-1	1
19	chr10	18280000	18600000	-1	1
20	chr10	18640000	19000000	-1	1
21	chr10	21400000	23440000	-1	1
22	chr10	24560000	24880000	-1	1
23	chr10	24920000	25440000	-1	1
24	chr10	27080000	27280000	-1	1
25	chr10	27400000	27600000	-1	1
26	chr10	27680000	28840000	-1	1
27	chr10	28880000	28920000	-1	1
28	chr10	28960000	29800000	-1	1
29	chr10	29840000	30960000	-1	1
30	chr10	31000000	32360000	-1	1
31	chr10	32400000	32720000	-1	1
32	chr10	32760000	35000000	-1	1
33	chr10	35040000	35400000	-1	1
34	chr10	35440000	35920000	-1	1
35	chr10	35960000	37240000	-1	1
36	chr10	42600000	43400000	-1	1
37	chr10	43440000	44840000	-1	1
38	chr10	44880000	45520000	-1	1
39	chr10	46400000	46600000	-1	1
40	chr10	47960000	48320000	-1	1
41	chr10	49200000	49520000	-1	1
42	chr10	49560000	50400000	-1	1
43	chr10	50520000	50680000	-1	1
44	chr10	51720000	52120000	-1	1
45	chr10	52400000	53720000	-1	1
46	chr10	53760000	54040000	-1	1
47	chr10	59840000	60280000	-1	1
48	chr10	61080000	61360000	-1	1
49	chr10	61560000	61920000	-1	1
50	chr10	62240000	63680000	-1	1
51	chr10	63720000	64560000	-1	1
52	chr10	64600000	65200000	-1	1
53	chr10	69320000	69800000	-1	1
54	chr10	69840000	70400000	-1	1
55	chr10	70440000	70840000	-1	1
56	chr10	70880000	71560000	-1	1
57	chr10	71600000	71880000	-1	1
58	chr10	71920000	72320000	-1	1
59	chr10	72360000	73240000	-1	1
60	chr10	73280000	73800000	-1	1
61	chr10	73840000	74600000	-1	1
62	chr10	74640000	75240000	-1	1
63	chr10	75280000	75560000	-1	1
64	chr10	75600000	76680000	-1	1
65	chr10	76720000	78560000	-1	1
66	chr10	78600000	79240000	-1	1
67	chr10	79280000	79440000	-1	1
68	chr10	79480000	80720000	-1	1
69	chr10	80760000	80960000	-1	1
70	chr10	81680000	82000000	-1	1
71	chr10	82120000	82200000	-1	1
72	chr10	86040000	86320000	-1	1
73	chr10	88160000	88400000	-1	1
74	chr10	88440000	88880000	-1	1
75	chr10	88920000	88960000	-1	1
76	chr10	89160000	89200000	-1	1
77	chr10	89320000	90720000	-1	1
78	chr10	90760000	91000000	-1	1
79	chr10	91040000	91520000	-1	1
80	chr10	92640000	93040000	-1	1
81	chr10	93080000	93680000	-1	1
82	chr10	93720000	94240000	-1	1
83	chr10	94280000	95280000	-1	1
84	chr10	95320000	96280000	-1	1
85	chr10	96320000	96360000	-1	1
86	chr10	96400000	96440000	-1	1
87	chr10	96920000	97160000	-1	1
88	chr10	97200000	97360000	-1	1
89	chr10	97400000	97680000	-1	1
90	chr10	97960000	98120000	-1	1
91	chr10	98160000	99120000	-1	1
92	chr10	99160000	99480000	-1	1
93	chr10	99520000	99880000	-1	1
94	chr10	99920000	100200000	-1	1
95	chr10	100240000	101000000	-1	1
96	chr10	101120000	101480000	-1	1
97	chr10	101520000	102000000	-1	1
98	chr10	102040000	102680000	-1	1
99	chr10	102720000	102760000	-1	1
100	chr10	102800000	103560000	-1	1
101	chr10	103600000	103880000	-1	1
102	chr10	103920000	104400000	-1	1
103	chr10	104440000	105120000	-1	1
104	chr10	105160000	105360000	-1	1
105	chr10	105400000	105440000	-1	1
106	chr10	105480000	106000000	-1	1
107	chr10	106040000	106120000	-1	1
108	chr10	106160000	133840000	-1	1
109	chr10	133880000	135040000	-1	1
110	chr10	135080000	135240000	-1	1
111	chr10	200000	440000	1	2
112	chr10	480000	560000	1	2
113	chr10	600000	640000	1	2
114	chr10	680000	720000	1	2
115	chr10	760000	840000	1	2
116	chr10	880000	960000	1	2
117	chr10	1000000	1040000	1	2
118	chr10	1480000	1520000	2	2
119	chr10	3280000	3480000	4	2
120	chr10	3520000	3560000	4	2
121	chr10	3600000	3640000	4	2
122	chr10	3680000	3800000	4	2
123	chr10	3840000	3960000	4	2
124	chr10	4000000	4040000	4	2
125	chr10	4080000	4120000	4	2
126	chr10	4160000	4280000	4	2
127	chr10	4320000	4800000	4	2
128	chr10	5000000	5120000	5	2
129	chr10	5360000	5400000	5	2
130	chr10	5480000	5720000	6	2
131	chr10	5760000	5800000	6	2
132	chr10	5840000	5880000	6	2
133	chr10	5920000	5960000	6	2
134	chr10	6040000	6320000	7	2
135	chr10	6360000	6480000	7	2
136	chr10	6840000	6880000	8	2
137	chr10	7240000	7280000	8	2
138	chr10	7400000	7440000	8	2
139	chr10	7600000	9400000	8	2
140	chr10	9440000	11600000	8	2
141	chr10	11640000	11840000	8	2
142	chr10	11920000	12240000	9	2
143	chr10	12320000	12800000	10	2
144	chr10	12840000	13040000	10	2
145	chr10	13080000	13120000	10	2
146	chr10	13160000	13200000	10	2
147	chr10	13720000	13960000	13	2
148	chr10	14000000	14080000	13	2
149	chr10	14120000	14160000	13	2
150	chr10	14200000	14240000	13	2
151	chr10	14280000	14400000	13	2
152	chr10	14440000	14480000	13	2
153	chr10	14520000	14560000	13	2
154	chr10	14600000	14680000	13	2
155	chr10	14720000	14760000	13	2
156	chr10	14800000	14920000	13	2
157	chr10	15000000	15240000	14	2
158	chr10	15280000	15360000	14	2
159	chr10	15400000	15440000	14	2
160	chr10	15520000	15920000	15	2
161	chr10	16960000	17160000	17	2
162	chr10	17200000	17240000	17	2
163	chr10	17280000	17320000	17	2
164	chr10	17400000	17680000	18	2
165	chr10	17720000	17800000	18	2
166	chr10	18280000	18560000	19	2
167	chr10	18680000	18960000	20	2
168	chr10	21640000	21840000	21	2
169	chr10	21880000	22080000	21	2
170	chr10	22120000	22200000	21	2
171	chr10	22320000	23400000	21	2
172	chr10	24640000	24840000	22	2
173	chr10	24960000	25320000	23	2
174	chr10	25360000	25400000	23	2
175	chr10	27720000	28800000	26	2
176	chr10	29040000	29200000	28	2
177	chr10	29240000	29280000	28	2
178	chr10	29400000	29440000	28	2
179	chr10	29480000	29600000	28	2
180	chr10	29640000	29680000	28	2
181	chr10	29720000	29760000	28	2
182	chr10	29840000	30080000	29	2
183	chr10	30120000	30200000	29	2
184	chr10	30240000	30320000	29	2
185	chr10	30360000	30400000	29	2
186	chr10	30440000	30480000	29	2
187	chr10	30520000	30560000	29	2
188	chr10	30600000	30640000	29	2
189	chr10	30680000	30720000	29	2
190	chr10	30760000	30920000	29	2
191	chr10	31080000	31280000	30	2
192	chr10	31320000	31360000	30	2
193	chr10	31400000	31480000	30	2
194	chr10	31520000	31560000	30	2
195	chr10	31600000	31640000	30	2
196	chr10	31680000	31720000	30	2
197	chr10	31760000	31800000	30	2
198	chr10	31840000	32120000	30	2
199	chr10	32160000	32320000	30	2
200	chr10	32400000	32680000	31	2
201	chr10	32760000	33200000	32	2
202	chr10	33240000	33360000	32	2
203	chr10	33400000	33440000	32	2
204	chr10	33480000	33520000	32	2
205	chr10	33560000	33640000	32	2
206	chr10	33680000	34960000	32	2
207	chr10	35040000	35360000	33	2
208	chr10	35600000	35680000	34	2
209	chr10	35720000	35800000	34	2
210	chr10	35840000	35880000	34	2
211	chr10	35960000	37120000	35	2
212	chr10	42680000	42920000	36	2
213	chr10	42960000	43000000	36	2
214	chr10	43120000	43280000	36	2
215	chr10	43320000	43360000	36	2
216	chr10	43560000	43680000	37	2
217	chr10	43720000	43760000	37	2
218	chr10	43800000	44120000	37	2
219	chr10	44160000	44200000	37	2
220	chr10	44240000	44360000	37	2
221	chr10	44400000	44440000	37	2
222	chr10	44480000	44520000	37	2
223	chr10	44560000	44680000	37	2
224	chr10	45080000	45120000	38	2
225	chr10	45320000	45480000	38	2
226	chr10	48080000	48280000	40	2
227	chr10	49200000	49480000	41	2
228	chr10	49640000	49800000	42	2
229	chr10	49920000	49960000	42	2
230	chr10	50000000	50040000	42	2
231	chr10	50160000	50200000	42	2
232	chr10	50320000	50360000	42	2
233	chr10	51720000	52080000	44	2
234	chr10	52440000	53560000	45	2
235	chr10	53760000	54000000	46	2
236	chr10	59880000	60080000	47	2
237	chr10	60120000	60160000	47	2
238	chr10	61280000	61320000	48	2
239	chr10	61760000	61800000	49	2
240	chr10	61840000	61880000	49	2
241	chr10	62280000	62480000	50	2
242	chr10	62520000	62560000	50	2
243	chr10	62800000	62840000	50	2
244	chr10	63040000	63080000	50	2
245	chr10	63200000	63320000	50	2
246	chr10	63360000	63640000	50	2
247	chr10	63720000	64520000	51	2
248	chr10	64600000	65160000	52	2
249	chr10	69320000	69640000	53	2
250	chr10	69680000	69760000	53	2
251	chr10	69840000	70080000	54	2
252	chr10	70120000	70160000	54	2
253	chr10	70200000	70360000	54	2
254	chr10	70440000	70680000	55	2
255	chr10	70720000	70800000	55	2
256	chr10	70880000	71120000	56	2
257	chr10	71160000	71360000	56	2
258	chr10	71400000	71520000	56	2
259	chr10	71600000	71840000	57	2
260	chr10	72000000	72200000	58	2
261	chr10	72240000	72280000	58	2
262	chr10	72360000	72640000	59	2
263	chr10	72680000	72720000	59	2
264	chr10	72760000	72800000	59	2
265	chr10	72840000	72920000	59	2
266	chr10	72960000	73000000	59	2
267	chr10	73040000	73120000	59	2
268	chr10	73160000	73200000	59	2
269	chr10	73280000	73520000	60	2
270	chr10	73560000	73640000	60	2
271	chr10	73680000	73760000	60	2
272	chr10	73840000	74080000	61	2
273	chr10	74120000	74160000	61	2
274	chr10	74200000	74240000	61	2
275	chr10	74280000	74320000	61	2
276	chr10	74360000	74480000	61	2
277	chr10	74520000	74560000	61	2
278	chr10	74640000	74880000	62	2
279	chr10	74920000	74960000	62	2
280	chr10	75000000	75080000	62	2
281	chr10	75120000	75200000	62	2
282	chr10	75280000	75520000	63	2
283	chr10	75600000	75840000	64	2
284	chr10	75880000	76160000	64	2
285	chr10	76200000	76240000	64	2
286	chr10	76280000	76440000	64	2
287	chr10	76480000	76560000	64	2
288	chr10	76600000	76640000	64	2
289	chr10	76960000	78520000	65	2
290	chr10	78640000	78840000	66	2
291	chr10	78880000	79000000	66	2
292	chr10	79040000	79080000	66	2
293	chr10	79120000	79200000	66	2
294	chr10	79520000	79760000	68	2
295	chr10	79800000	79840000	68	2
296	chr10	79880000	79960000	68	2
297	chr10	80000000	80080000	68	2
298	chr10	80120000	80160000	68	2
299	chr10	80200000	80240000	68	2
300	chr10	80280000	80400000	68	2
301	chr10	80560000	80680000	68	2
302	chr10	81840000	81960000	70	2
303	chr10	86040000	86280000	72	2
304	chr10	88440000	88680000	74	2
305	chr10	88720000	88840000	74	2
306	chr10	89320000	89560000	77	2
307	chr10	89600000	89640000	77	2
308	chr10	89680000	89720000	77	2
309	chr10	89760000	89800000	77	2
310	chr10	89840000	89880000	77	2
311	chr10	89920000	90160000	77	2
312	chr10	90360000	90400000	77	2
313	chr10	90440000	90680000	77	2
314	chr10	91040000	91320000	79	2
315	chr10	91360000	91400000	79	2
316	chr10	91440000	91480000	79	2
317	chr10	92640000	93000000	80	2
318	chr10	93080000	93520000	81	2
319	chr10	93560000	93640000	81	2
320	chr10	93800000	94080000	82	2
321	chr10	94120000	94200000	82	2
322	chr10	94320000	94520000	83	2
323	chr10	94560000	94640000	83	2
324	chr10	94680000	94720000	83	2
325	chr10	94760000	94840000	83	2
326	chr10	94880000	95040000	83	2
327	chr10	95080000	95120000	83	2
328	chr10	95160000	95240000	83	2
329	chr10	95320000	95560000	84	2
330	chr10	95600000	95640000	84	2
331	chr10	95680000	95840000	84	2
332	chr10	95880000	96000000	84	2
333	chr10	96040000	96080000	84	2
334	chr10	96120000	96160000	84	2
335	chr10	96200000	96240000	84	2
336	chr10	97400000	97640000	89	2
337	chr10	98360000	98400000	91	2
338	chr10	98440000	98600000	91	2
339	chr10	98640000	98680000	91	2
340	chr10	98720000	98800000	91	2
341	chr10	98840000	99000000	91	2
342	chr10	99040000	99080000	91	2
343	chr10	99160000	99440000	92	2
344	chr10	99720000	99760000	93	2
345	chr10	99800000	99840000	93	2
346	chr10	99920000	100160000	94	2
347	chr10	100240000	100960000	95	2
348	chr10	101120000	101360000	96	2
349	chr10	101400000	101440000	96	2
350	chr10	101520000	101800000	97	2
351	chr10	101840000	101960000	97	2
352	chr10	102040000	102280000	98	2
353	chr10	102320000	102400000	98	2
354	chr10	102440000	102480000	98	2
355	chr10	102520000	102560000	98	2
356	chr10	102600000	102640000	98	2
357	chr10	102800000	103040000	100	2
358	chr10	103080000	103120000	100	2
359	chr10	103160000	103200000	100	2
360	chr10	103240000	103280000	100	2
361	chr10	103320000	103360000	100	2
362	chr10	103400000	103440000	100	2
363	chr10	103480000	103520000	100	2
364	chr10	103600000	103840000	101	2
365	chr10	103920000	104160000	102	2
366	chr10	104200000	104240000	102	2
367	chr10	104280000	104360000	102	2
368	chr10	104440000	104680000	103	2
369	chr10	104720000	104840000	103	2
370	chr10	104880000	105000000	103	2
371	chr10	105040000	105080000	103	2
372	chr10	105480000	105720000	106	2
373	chr10	105760000	105800000	106	2
374	chr10	105840000	105960000	106	2
375	chr10	110880000	110920000	108	2
376	chr10	110960000	111080000	108	2
377	chr10	111680000	111760000	108	2
378	chr10	111800000	111880000	108	2
379	chr10	111920000	112080000	108	2
380	chr10	112120000	112160000	108	2
381	chr10	112200000	112240000	108	2
382	chr10	112280000	112360000	108	2
383	chr10	112400000	112440000	108	2
384	chr10	112480000	112680000	108	2
385	chr10	114000000	115360000	108	2
386	chr10	115400000	118200000	108	2
387	chr10	118360000	118400000	108	2
388	chr10	118440000	118560000	108	2
389	chr10	118600000	118640000	108	2
390	chr10	118680000	118760000	108	2
391	chr10	118800000	118840000	108	2
392	chr10	119000000	119040000	108	2
393	chr10	119360000	119400000	108	2
394	chr10	119640000	119680000	108	2
395	chr10	120240000	120280000	108	2
396	chr10	120320000	120520000	108	2
397	chr10	120560000	120600000	108	2
398	chr10	120640000	120720000	108	2
399	chr10	120760000	120800000	108	2
400	chr10	120840000	120960000	108	2
401	chr10	121000000	121040000	108	2
402	chr10	121080000	121160000	108	2
403	chr10	121200000	121240000	108	2
404	chr10	121280000	121320000	108	2
405	chr10	121360000	121400000	108	2
406	chr10	121440000	121480000	108	2
407	chr10	121520000	121640000	108	2
408	chr10	121680000	121720000	108	2
409	chr10	122960000	123000000	108	2
410	chr10	123560000	123640000	108	2
411	chr10	123680000	123720000	108	2
412	chr10	123760000	123880000	108	2
413	chr10	123920000	124000000	108	2
414	chr10	124040000	124360000	108	2
415	chr10	124400000	124760000	108	2
416	chr10	124800000	124840000	108	2
417	chr10	125120000	125160000	108	2
418	chr10	125200000	127480000	108	2
419	chr10	127600000	128080000	108	2
420	chr10	128120000	128160000	108	2
421	chr10	128320000	128360000	108	2
422	chr10	128720000	129040000	108	2
423	chr10	129080000	129160000	108	2
424	chr10	129880000	133440000	108	2
425	chr10	133480000	133520000	108	2
426	chr10	133640000	133680000	108	2
427	chr10	133720000	133800000	108	2
428	chr10	133880000	134120000	109	2
429	chr10	134160000	134200000	109	2
430	chr10	134240000	134280000	109	2
431	chr10	134320000	134360000	109	2
432	chr10	134400000	134440000	109	2
433	chr10	134480000	134520000	109	2
434	chr10	134560000	134880000	109	2
435	chr10	134920000	135000000	109	2
