1	chr18	80000	13840000	-1	1
2	chr18	14360000	14400000	-1	1
3	chr18	14520000	14640000	-1	1
4	chr18	14840000	14880000	-1	1
5	chr18	16800000	17400000	-1	1
6	chr18	17440000	20280000	-1	1
7	chr18	20320000	21960000	-1	1
8	chr18	22160000	22600000	-1	1
9	chr18	23880000	24080000	-1	1
10	chr18	27720000	27840000	-1	1
11	chr18	27960000	28000000	-1	1
12	chr18	28040000	28400000	-1	1
13	chr18	30440000	30680000	-1	1
14	chr18	30720000	31040000	-1	1
15	chr18	31080000	32680000	-1	1
16	chr18	33120000	33400000	-1	1
17	chr18	37720000	37760000	-1	1
18	chr18	37800000	37880000	-1	1
19	chr18	40440000	41480000	-1	1
20	chr18	41520000	41960000	-1	1
21	chr18	42000000	42800000	-1	1
22	chr18	42840000	43560000	-1	1
23	chr18	43600000	44240000	-1	1
24	chr18	44280000	45280000	-1	1
25	chr18	45320000	46200000	-1	1
26	chr18	46360000	46480000	-1	1
27	chr18	46640000	46880000	-1	1
28	chr18	46920000	46960000	-1	1
29	chr18	50520000	52520000	-1	1
30	chr18	52560000	53400000	-1	1
31	chr18	53440000	55800000	-1	1
32	chr18	55840000	55880000	-1	1
33	chr18	57360000	58000000	-1	1
34	chr18	58040000	59800000	-1	1
35	chr18	63040000	64600000	-1	1
36	chr18	64640000	66320000	-1	1
37	chr18	68520000	75200000	-1	1
38	chr18	75240000	76120000	-1	1
39	chr18	80000	840000	1	2
40	chr18	880000	920000	1	2
41	chr18	960000	1000000	1	2
42	chr18	2320000	2560000	1	2
43	chr18	2600000	3240000	1	2
44	chr18	3280000	4040000	1	2
45	chr18	5320000	8600000	1	2
46	chr18	8640000	9960000	1	2
47	chr18	10000000	10520000	1	2
48	chr18	10560000	12280000	1	2
49	chr18	12320000	13120000	1	2
50	chr18	13160000	13720000	1	2
51	chr18	16800000	17360000	5	2
52	chr18	17440000	20000000	6	2
53	chr18	20040000	20240000	6	2
54	chr18	20320000	20520000	7	2
55	chr18	20560000	21920000	7	2
56	chr18	22160000	22560000	8	2
57	chr18	28080000	28360000	12	2
58	chr18	30440000	30640000	13	2
59	chr18	30720000	31000000	14	2
60	chr18	31080000	31800000	15	2
61	chr18	31840000	32640000	15	2
62	chr18	33120000	33360000	16	2
63	chr18	40440000	41320000	19	2
64	chr18	41360000	41440000	19	2
65	chr18	41520000	41920000	20	2
66	chr18	42000000	42600000	21	2
67	chr18	42640000	42680000	21	2
68	chr18	42720000	42760000	21	2
69	chr18	42880000	43040000	22	2
70	chr18	43160000	43320000	22	2
71	chr18	43360000	43400000	22	2
72	chr18	43600000	44200000	23	2
73	chr18	44280000	45240000	24	2
74	chr18	45320000	46160000	25	2
75	chr18	46640000	46840000	27	2
76	chr18	50520000	50800000	29	2
77	chr18	50920000	50960000	29	2
78	chr18	51000000	52480000	29	2
79	chr18	52560000	53360000	30	2
80	chr18	53440000	54320000	31	2
81	chr18	54360000	55760000	31	2
82	chr18	57360000	57960000	33	2
83	chr18	58240000	59760000	34	2
84	chr18	63240000	64560000	35	2
85	chr18	65120000	65160000	36	2
86	chr18	65320000	66280000	36	2
87	chr18	68520000	75040000	37	2
88	chr18	75240000	76080000	38	2
89	chr18	160000	800000	39	3
90	chr18	2320000	2520000	42	3
91	chr18	2600000	3200000	43	3
92	chr18	3280000	4000000	44	3
93	chr18	5440000	5560000	45	3
94	chr18	5600000	6920000	45	3
95	chr18	6960000	8560000	45	3
96	chr18	8640000	9560000	46	3
97	chr18	9600000	9920000	46	3
98	chr18	10000000	10480000	47	3
99	chr18	10560000	11480000	48	3
100	chr18	11520000	12240000	48	3
101	chr18	12320000	13000000	49	3
102	chr18	13040000	13080000	49	3
103	chr18	13160000	13680000	50	3
104	chr18	16800000	17320000	51	3
105	chr18	17440000	17640000	52	3
106	chr18	17680000	19320000	52	3
107	chr18	19360000	19960000	52	3
108	chr18	20760000	21800000	55	3
109	chr18	22240000	22520000	56	3
110	chr18	28120000	28320000	57	3
111	chr18	30720000	30960000	59	3
112	chr18	31080000	31760000	60	3
113	chr18	31840000	32600000	61	3
114	chr18	33120000	33320000	62	3
115	chr18	40440000	41280000	63	3
116	chr18	41520000	41880000	65	3
117	chr18	42000000	42560000	66	3
118	chr18	43600000	43800000	72	3
119	chr18	43840000	44160000	72	3
120	chr18	44280000	45200000	73	3
121	chr18	45320000	45720000	74	3
122	chr18	45760000	46040000	74	3
123	chr18	50520000	50760000	76	3
124	chr18	51200000	52440000	78	3
125	chr18	52560000	53320000	79	3
126	chr18	53480000	54280000	80	3
127	chr18	54360000	54920000	81	3
128	chr18	54960000	55240000	81	3
129	chr18	55280000	55720000	81	3
130	chr18	57360000	57920000	82	3
131	chr18	58240000	59160000	83	3
132	chr18	59200000	59720000	83	3
133	chr18	63440000	64520000	84	3
134	chr18	65520000	65880000	86	3
135	chr18	66000000	66240000	86	3
136	chr18	69000000	70200000	87	3
137	chr18	70320000	72200000	87	3
138	chr18	72240000	72560000	87	3
139	chr18	72640000	75000000	87	3
140	chr18	75240000	76040000	88	3
141	chr18	200000	760000	89	4
142	chr18	2600000	2800000	91	4
143	chr18	2840000	3160000	91	4
144	chr18	3280000	3960000	92	4
145	chr18	5840000	6520000	94	4
146	chr18	6560000	6880000	94	4
147	chr18	6960000	7160000	95	4
148	chr18	7200000	8520000	95	4
149	chr18	8640000	9520000	96	4
150	chr18	9600000	9880000	97	4
151	chr18	10000000	10440000	98	4
152	chr18	10560000	11440000	99	4
153	chr18	11640000	11720000	100	4
154	chr18	11760000	12120000	100	4
155	chr18	12160000	12200000	100	4
156	chr18	12320000	12680000	101	4
157	chr18	12720000	12960000	101	4
158	chr18	13160000	13640000	103	4
159	chr18	16800000	17040000	104	4
160	chr18	17080000	17280000	104	4
161	chr18	17720000	18600000	106	4
162	chr18	18640000	19280000	106	4
163	chr18	19360000	19920000	107	4
164	chr18	20760000	21680000	108	4
165	chr18	22240000	22480000	109	4
166	chr18	30720000	30920000	111	4
167	chr18	31080000	31640000	112	4
168	chr18	31840000	32560000	113	4
169	chr18	40440000	41240000	115	4
170	chr18	41520000	41840000	116	4
171	chr18	42000000	42520000	117	4
172	chr18	43840000	44120000	119	4
173	chr18	44280000	45160000	120	4
174	chr18	45320000	45680000	121	4
175	chr18	45760000	46000000	122	4
176	chr18	50520000	50720000	123	4
177	chr18	51200000	51400000	124	4
178	chr18	51440000	52400000	124	4
179	chr18	52560000	53280000	125	4
180	chr18	53480000	54240000	126	4
181	chr18	54360000	54880000	127	4
182	chr18	54960000	55200000	128	4
183	chr18	55280000	55680000	129	4
184	chr18	57400000	57880000	130	4
185	chr18	58240000	58840000	131	4
186	chr18	58880000	59120000	131	4
187	chr18	59360000	59680000	132	4
188	chr18	63440000	64400000	133	4
189	chr18	65560000	65840000	134	4
190	chr18	66000000	66200000	135	4
191	chr18	69000000	69920000	136	4
192	chr18	69960000	70160000	136	4
193	chr18	70520000	72160000	137	4
194	chr18	72240000	72520000	138	4
195	chr18	72680000	72840000	139	4
196	chr18	72880000	73080000	139	4
197	chr18	73120000	74960000	139	4
198	chr18	75240000	75520000	140	4
199	chr18	75560000	76000000	140	4
200	chr18	200000	720000	141	5
201	chr18	2840000	3120000	143	5
202	chr18	3280000	3680000	144	5
203	chr18	3720000	3920000	144	5
204	chr18	5880000	6240000	145	5
205	chr18	6400000	6480000	145	5
206	chr18	6560000	6840000	146	5
207	chr18	7320000	7480000	148	5
208	chr18	7520000	8480000	148	5
209	chr18	8640000	9040000	149	5
210	chr18	9080000	9480000	149	5
211	chr18	9600000	9840000	150	5
212	chr18	10000000	10400000	151	5
213	chr18	10560000	10760000	152	5
214	chr18	10800000	11160000	152	5
215	chr18	11200000	11320000	152	5
216	chr18	11360000	11400000	152	5
217	chr18	11760000	12080000	154	5
218	chr18	12320000	12640000	156	5
219	chr18	12720000	12920000	157	5
220	chr18	13160000	13600000	158	5
221	chr18	16800000	17000000	159	5
222	chr18	17720000	18560000	161	5
223	chr18	18640000	18840000	162	5
224	chr18	18880000	19240000	162	5
225	chr18	19360000	19680000	163	5
226	chr18	19720000	19880000	163	5
227	chr18	20760000	21640000	164	5
228	chr18	22240000	22440000	165	5
229	chr18	31080000	31600000	167	5
230	chr18	31840000	32120000	168	5
231	chr18	32160000	32520000	168	5
232	chr18	40560000	40640000	169	5
233	chr18	40680000	40720000	169	5
234	chr18	40840000	40880000	169	5
235	chr18	41040000	41080000	169	5
236	chr18	41520000	41800000	170	5
237	chr18	42000000	42480000	171	5
238	chr18	43840000	44080000	172	5
239	chr18	44280000	44480000	173	5
240	chr18	44520000	45040000	173	5
241	chr18	45080000	45120000	173	5
242	chr18	45320000	45640000	174	5
243	chr18	45760000	45960000	175	5
244	chr18	51440000	52360000	178	5
245	chr18	52560000	53240000	179	5
246	chr18	53480000	53680000	180	5
247	chr18	53720000	53960000	180	5
248	chr18	54000000	54200000	180	5
249	chr18	54360000	54600000	181	5
250	chr18	54640000	54840000	181	5
251	chr18	54960000	55160000	182	5
252	chr18	55280000	55640000	183	5
253	chr18	57400000	57840000	184	5
254	chr18	58240000	58520000	185	5
255	chr18	58560000	58800000	185	5
256	chr18	58880000	59080000	186	5
257	chr18	59360000	59560000	187	5
258	chr18	59600000	59640000	187	5
259	chr18	63440000	64360000	188	5
260	chr18	65720000	65800000	189	5
261	chr18	69000000	69880000	191	5
262	chr18	70520000	70920000	193	5
263	chr18	70960000	72120000	193	5
264	chr18	72240000	72480000	194	5
265	chr18	73880000	73920000	197	5
266	chr18	74080000	74920000	197	5
267	chr18	75240000	75480000	198	5
268	chr18	75560000	75880000	199	5
269	chr18	75920000	75960000	199	5
270	chr18	200000	680000	200	6
271	chr18	2840000	3080000	201	6
272	chr18	3280000	3640000	202	6
273	chr18	5880000	6200000	204	6
274	chr18	6560000	6800000	206	6
275	chr18	7520000	8440000	208	6
276	chr18	8680000	9000000	209	6
277	chr18	9080000	9280000	210	6
278	chr18	9320000	9360000	210	6
279	chr18	9400000	9440000	210	6
280	chr18	9600000	9800000	211	6
281	chr18	10000000	10360000	212	6
282	chr18	10800000	11120000	214	6
283	chr18	11760000	12040000	217	6
284	chr18	12360000	12600000	218	6
285	chr18	13160000	13480000	220	6
286	chr18	13520000	13560000	220	6
287	chr18	17760000	18000000	222	6
288	chr18	18040000	18400000	222	6
289	chr18	18440000	18520000	222	6
290	chr18	18880000	19200000	224	6
291	chr18	19360000	19560000	225	6
292	chr18	19600000	19640000	225	6
293	chr18	20760000	21200000	227	6
294	chr18	21240000	21400000	227	6
295	chr18	21440000	21600000	227	6
296	chr18	31080000	31280000	229	6
297	chr18	31320000	31560000	229	6
298	chr18	31840000	32080000	230	6
299	chr18	32160000	32360000	231	6
300	chr18	32400000	32480000	231	6
301	chr18	41560000	41760000	236	6
302	chr18	42000000	42360000	237	6
303	chr18	42400000	42440000	237	6
304	chr18	43840000	44040000	238	6
305	chr18	44520000	45000000	240	6
306	chr18	45320000	45600000	242	6
307	chr18	51440000	51640000	244	6
308	chr18	51680000	52320000	244	6
309	chr18	52560000	53200000	245	6
310	chr18	53720000	53920000	247	6
311	chr18	54360000	54560000	249	6
312	chr18	55280000	55600000	252	6
313	chr18	57400000	57800000	253	6
314	chr18	58240000	58480000	254	6
315	chr18	58560000	58760000	255	6
316	chr18	63440000	64320000	259	6
317	chr18	69240000	69280000	261	6
318	chr18	69480000	69680000	261	6
319	chr18	69800000	69840000	261	6
320	chr18	70520000	70880000	262	6
321	chr18	70960000	71640000	263	6
322	chr18	71680000	71720000	263	6
323	chr18	71920000	71960000	263	6
324	chr18	72240000	72440000	264	6
325	chr18	74320000	74360000	266	6
326	chr18	74400000	74440000	266	6
327	chr18	74480000	74560000	266	6
328	chr18	74760000	74800000	266	6
329	chr18	74840000	74880000	266	6
330	chr18	75240000	75440000	267	6
331	chr18	75560000	75840000	268	6
332	chr18	320000	400000	270	7
333	chr18	440000	480000	270	7
334	chr18	520000	560000	270	7
335	chr18	600000	640000	270	7
336	chr18	2840000	3040000	271	7
337	chr18	3280000	3600000	272	7
338	chr18	5920000	6080000	273	7
339	chr18	6120000	6160000	273	7
340	chr18	6560000	6760000	274	7
341	chr18	7520000	7800000	275	7
342	chr18	7840000	7880000	275	7
343	chr18	7920000	8400000	275	7
344	chr18	8680000	8880000	276	7
345	chr18	8920000	8960000	276	7
346	chr18	10000000	10200000	281	7
347	chr18	10240000	10320000	281	7
348	chr18	10800000	11080000	282	7
349	chr18	11760000	12000000	283	7
350	chr18	12400000	12560000	284	7
351	chr18	13160000	13440000	285	7
352	chr18	17760000	17960000	287	7
353	chr18	18040000	18240000	288	7
354	chr18	18280000	18360000	288	7
355	chr18	18880000	19080000	290	7
356	chr18	19120000	19160000	290	7
357	chr18	20760000	20960000	293	7
358	chr18	21000000	21160000	293	7
359	chr18	31320000	31520000	297	7
360	chr18	31960000	32040000	298	7
361	chr18	42000000	42200000	302	7
362	chr18	42240000	42320000	302	7
363	chr18	44520000	44720000	305	7
364	chr18	44760000	44960000	305	7
365	chr18	45320000	45560000	306	7
366	chr18	51680000	52280000	308	7
367	chr18	52720000	52840000	309	7
368	chr18	52880000	52920000	309	7
369	chr18	52960000	53160000	309	7
370	chr18	55280000	55480000	312	7
371	chr18	55520000	55560000	312	7
372	chr18	57400000	57760000	313	7
373	chr18	58240000	58440000	314	7
374	chr18	63720000	63760000	316	7
375	chr18	64080000	64120000	316	7
376	chr18	64240000	64280000	316	7
377	chr18	70520000	70840000	320	7
378	chr18	70960000	71600000	321	7
379	chr18	75640000	75800000	331	7
