1	chr17	40000	920000	-1	1
2	chr17	960000	1080000	-1	1
3	chr17	1120000	1480000	-1	1
4	chr17	1520000	1880000	-1	1
5	chr17	1920000	2200000	-1	1
6	chr17	2240000	2560000	-1	1
7	chr17	2600000	2640000	-1	1
8	chr17	3560000	4000000	-1	1
9	chr17	4040000	4720000	-1	1
10	chr17	4840000	4960000	-1	1
11	chr17	5080000	5280000	-1	1
12	chr17	5320000	5400000	-1	1
13	chr17	5440000	6280000	-1	1
14	chr17	6520000	6880000	-1	1
15	chr17	6920000	7040000	-1	1
16	chr17	7120000	7520000	-1	1
17	chr17	7560000	7960000	-1	1
18	chr17	8000000	8240000	-1	1
19	chr17	8280000	8320000	-1	1
20	chr17	8360000	15440000	-1	1
21	chr17	15680000	15840000	-1	1
22	chr17	15880000	16440000	-1	1
23	chr17	16880000	17120000	-1	1
24	chr17	17160000	17520000	-1	1
25	chr17	17560000	17600000	-1	1
26	chr17	17720000	17880000	-1	1
27	chr17	17920000	18040000	-1	1
28	chr17	18080000	18200000	-1	1
29	chr17	18720000	18920000	-1	1
30	chr17	19120000	19800000	-1	1
31	chr17	19920000	20200000	-1	1
32	chr17	20920000	21400000	-1	1
33	chr17	22600000	23000000	-1	1
34	chr17	23280000	23720000	-1	1
35	chr17	23840000	23960000	-1	1
36	chr17	24000000	24040000	-1	1
37	chr17	24080000	24480000	-1	1
38	chr17	24520000	24920000	-1	1
39	chr17	24960000	26000000	-1	1
40	chr17	26120000	27320000	-1	1
41	chr17	27480000	27720000	-1	1
42	chr17	27760000	27800000	-1	1
43	chr17	30360000	30480000	-1	1
44	chr17	30960000	31160000	-1	1
45	chr17	31200000	31240000	-1	1
46	chr17	32000000	32800000	-1	1
47	chr17	32840000	33040000	-1	1
48	chr17	33080000	33440000	-1	1
49	chr17	33640000	33680000	-1	1
50	chr17	33800000	34120000	-1	1
51	chr17	34160000	34880000	-1	1
52	chr17	34920000	35400000	-1	1
53	chr17	35440000	35720000	-1	1
54	chr17	35760000	37120000	-1	1
55	chr17	37160000	37320000	-1	1
56	chr17	37360000	37960000	-1	1
57	chr17	38000000	38400000	-1	1
58	chr17	38440000	38600000	-1	1
59	chr17	38760000	38800000	-1	1
60	chr17	38840000	39280000	-1	1
61	chr17	39320000	39600000	-1	1
62	chr17	39640000	40160000	-1	1
63	chr17	40200000	40560000	-1	1
64	chr17	40600000	40880000	-1	1
65	chr17	40920000	40960000	-1	1
66	chr17	41080000	41400000	-1	1
67	chr17	41440000	41720000	-1	1
68	chr17	42160000	42480000	-1	1
69	chr17	42520000	43120000	-1	1
70	chr17	43160000	43240000	-1	1
71	chr17	43280000	44680000	-1	1
72	chr17	44720000	45520000	-1	1
73	chr17	45560000	45800000	-1	1
74	chr17	45840000	45920000	-1	1
75	chr17	45960000	46600000	-1	1
76	chr17	52480000	53920000	-1	1
77	chr17	53960000	54520000	-1	1
78	chr17	54560000	54640000	-1	1
79	chr17	54680000	55040000	-1	1
80	chr17	55080000	55520000	-1	1
81	chr17	55560000	56120000	-1	1
82	chr17	56160000	57560000	-1	1
83	chr17	57960000	59120000	-1	1
84	chr17	59160000	59280000	-1	1
85	chr17	59320000	59960000	-1	1
86	chr17	60000000	60200000	-1	1
87	chr17	60360000	62800000	-1	1
88	chr17	62840000	63160000	-1	1
89	chr17	63200000	63440000	-1	1
90	chr17	63600000	70200000	-1	1
91	chr17	70240000	70280000	-1	1
92	chr17	70480000	70760000	-1	1
93	chr17	70800000	71280000	-1	1
94	chr17	71320000	71360000	-1	1
95	chr17	71400000	72040000	-1	1
96	chr17	72080000	72240000	-1	1
97	chr17	72280000	73720000	-1	1
98	chr17	73760000	74320000	-1	1
99	chr17	74360000	74520000	-1	1
100	chr17	74560000	74600000	-1	1
101	chr17	75640000	76000000	-1	1
102	chr17	76040000	76600000	-1	1
103	chr17	76640000	76680000	-1	1
104	chr17	76840000	77280000	-1	1
105	chr17	77440000	77760000	-1	1
106	chr17	77800000	78200000	-1	1
107	chr17	78240000	78320000	-1	1
108	chr17	78360000	78680000	-1	1
109	chr17	40000	600000	1	2
110	chr17	640000	880000	1	2
111	chr17	1120000	1440000	3	2
112	chr17	1520000	1840000	4	2
113	chr17	2240000	2520000	6	2
114	chr17	3560000	3960000	8	2
115	chr17	4040000	4400000	9	2
116	chr17	4440000	4480000	9	2
117	chr17	4600000	4680000	9	2
118	chr17	5480000	6240000	13	2
119	chr17	6520000	6840000	14	2
120	chr17	7120000	7480000	16	2
121	chr17	7560000	7920000	17	2
122	chr17	8360000	8640000	20	2
123	chr17	12040000	12640000	20	2
124	chr17	12920000	15080000	20	2
125	chr17	15120000	15400000	20	2
126	chr17	15880000	16200000	22	2
127	chr17	16240000	16400000	22	2
128	chr17	17160000	17480000	24	2
129	chr17	19120000	19760000	30	2
130	chr17	20920000	21360000	32	2
131	chr17	22600000	22960000	33	2
132	chr17	23280000	23680000	34	2
133	chr17	24080000	24360000	37	2
134	chr17	24400000	24440000	37	2
135	chr17	24520000	24880000	38	2
136	chr17	24960000	25440000	39	2
137	chr17	25480000	25960000	39	2
138	chr17	26160000	26760000	40	2
139	chr17	26800000	27280000	40	2
140	chr17	32000000	32760000	46	2
141	chr17	33080000	33400000	48	2
142	chr17	33800000	34080000	50	2
143	chr17	34200000	34480000	51	2
144	chr17	34600000	34840000	51	2
145	chr17	34920000	35360000	52	2
146	chr17	35760000	36040000	54	2
147	chr17	36080000	37080000	54	2
148	chr17	37360000	37640000	56	2
149	chr17	37680000	37920000	56	2
150	chr17	38000000	38360000	57	2
151	chr17	38840000	39240000	60	2
152	chr17	39640000	40120000	62	2
153	chr17	40200000	40520000	63	2
154	chr17	41080000	41360000	66	2
155	chr17	42160000	42440000	68	2
156	chr17	42520000	42920000	69	2
157	chr17	43040000	43080000	69	2
158	chr17	43280000	43560000	71	2
159	chr17	43600000	44080000	71	2
160	chr17	44120000	44320000	71	2
161	chr17	44360000	44640000	71	2
162	chr17	44720000	45480000	72	2
163	chr17	45960000	46280000	75	2
164	chr17	46320000	46400000	75	2
165	chr17	46440000	46560000	75	2
166	chr17	52560000	53280000	76	2
167	chr17	53320000	53440000	76	2
168	chr17	53480000	53560000	76	2
169	chr17	53720000	53880000	76	2
170	chr17	53960000	54480000	77	2
171	chr17	54680000	55000000	79	2
172	chr17	55080000	55360000	80	2
173	chr17	55400000	55480000	80	2
174	chr17	55560000	56080000	81	2
175	chr17	56160000	57040000	82	2
176	chr17	57080000	57280000	82	2
177	chr17	57320000	57360000	82	2
178	chr17	57400000	57520000	82	2
179	chr17	57960000	58840000	83	2
180	chr17	58880000	59080000	83	2
181	chr17	59320000	59920000	85	2
182	chr17	60360000	60640000	87	2
183	chr17	60680000	61600000	87	2
184	chr17	61640000	62120000	87	2
185	chr17	62160000	62760000	87	2
186	chr17	62840000	63120000	88	2
187	chr17	63600000	64000000	90	2
188	chr17	64880000	68080000	90	2
189	chr17	68120000	68760000	90	2
190	chr17	68800000	68840000	90	2
191	chr17	70800000	71120000	93	2
192	chr17	71160000	71240000	93	2
193	chr17	71400000	71800000	95	2
194	chr17	71840000	72000000	95	2
195	chr17	72280000	72800000	97	2
196	chr17	72840000	72880000	97	2
197	chr17	73040000	73680000	97	2
198	chr17	73760000	74280000	98	2
199	chr17	75640000	75960000	101	2
200	chr17	76040000	76560000	102	2
201	chr17	76840000	77240000	104	2
202	chr17	77440000	77720000	105	2
203	chr17	77800000	78160000	106	2
204	chr17	78360000	78640000	108	2
205	chr17	40000	320000	109	3
206	chr17	440000	480000	109	3
207	chr17	520000	560000	109	3
208	chr17	1120000	1400000	111	3
209	chr17	1520000	1800000	112	3
210	chr17	3560000	3920000	114	3
211	chr17	4040000	4360000	115	3
212	chr17	5480000	6200000	118	3
213	chr17	6520000	6800000	119	3
214	chr17	7120000	7440000	120	3
215	chr17	7560000	7880000	121	3
216	chr17	12080000	12520000	123	3
217	chr17	12560000	12600000	123	3
218	chr17	12920000	15040000	124	3
219	chr17	15920000	16160000	126	3
220	chr17	17160000	17440000	128	3
221	chr17	19120000	19640000	129	3
222	chr17	19680000	19720000	129	3
223	chr17	21200000	21320000	130	3
224	chr17	22680000	22920000	131	3
225	chr17	23400000	23640000	132	3
226	chr17	24520000	24840000	135	3
227	chr17	24960000	25400000	136	3
228	chr17	25480000	25800000	137	3
229	chr17	25840000	25920000	137	3
230	chr17	26360000	26440000	138	3
231	chr17	26480000	26520000	138	3
232	chr17	26560000	26600000	138	3
233	chr17	26640000	26720000	138	3
234	chr17	26800000	27240000	139	3
235	chr17	32000000	32720000	140	3
236	chr17	33080000	33360000	141	3
237	chr17	34920000	35200000	145	3
238	chr17	35240000	35320000	145	3
239	chr17	36080000	36960000	147	3
240	chr17	37000000	37040000	147	3
241	chr17	38000000	38320000	150	3
242	chr17	38840000	39120000	151	3
243	chr17	39160000	39200000	151	3
244	chr17	39640000	39960000	152	3
245	chr17	40000000	40080000	152	3
246	chr17	40200000	40480000	153	3
247	chr17	42560000	42800000	156	3
248	chr17	42840000	42880000	156	3
249	chr17	43600000	43960000	159	3
250	chr17	44000000	44040000	159	3
251	chr17	44720000	45000000	162	3
252	chr17	45040000	45120000	162	3
253	chr17	45160000	45280000	162	3
254	chr17	45320000	45440000	162	3
255	chr17	45960000	46240000	163	3
256	chr17	52600000	53240000	166	3
257	chr17	53960000	54440000	170	3
258	chr17	54720000	54960000	171	3
259	chr17	55560000	55880000	174	3
260	chr17	55920000	55960000	174	3
261	chr17	56000000	56040000	174	3
262	chr17	56160000	56440000	175	3
263	chr17	56600000	56640000	175	3
264	chr17	56680000	56720000	175	3
265	chr17	56760000	56840000	175	3
266	chr17	56880000	57000000	175	3
267	chr17	57960000	58240000	179	3
268	chr17	58280000	58400000	179	3
269	chr17	58440000	58800000	179	3
270	chr17	59320000	59600000	181	3
271	chr17	59640000	59720000	181	3
272	chr17	59760000	59880000	181	3
273	chr17	60680000	61560000	183	3
274	chr17	61720000	62000000	184	3
275	chr17	62040000	62080000	184	3
276	chr17	62200000	62560000	185	3
277	chr17	62600000	62720000	185	3
278	chr17	63800000	63960000	187	3
279	chr17	66160000	68040000	188	3
280	chr17	68120000	68720000	189	3
281	chr17	70800000	71080000	191	3
282	chr17	71400000	71680000	193	3
283	chr17	71720000	71760000	193	3
284	chr17	72280000	72600000	195	3
285	chr17	72640000	72680000	195	3
286	chr17	72720000	72760000	195	3
287	chr17	73040000	73520000	197	3
288	chr17	73560000	73640000	197	3
289	chr17	74000000	74240000	198	3
290	chr17	75720000	75920000	199	3
291	chr17	76040000	76440000	200	3
292	chr17	76480000	76520000	200	3
293	chr17	76880000	77120000	201	3
294	chr17	77160000	77200000	201	3
295	chr17	77840000	78120000	203	3
