1	chr6	120000	30280000	-1	1
2	chr6	30320000	30520000	-1	1
3	chr6	30560000	31560000	-1	1
4	chr6	31600000	32280000	-1	1
5	chr6	32320000	32520000	-1	1
6	chr6	32920000	33360000	-1	1
7	chr6	33400000	35560000	-1	1
8	chr6	35600000	37360000	-1	1
9	chr6	37400000	38760000	-1	1
10	chr6	38960000	41400000	-1	1
11	chr6	41440000	41800000	-1	1
12	chr6	41840000	43680000	-1	1
13	chr6	43720000	44480000	-1	1
14	chr6	44520000	46120000	-1	1
15	chr6	47160000	47400000	-1	1
16	chr6	52240000	53760000	-1	1
17	chr6	53800000	53920000	-1	1
18	chr6	53960000	55240000	-1	1
19	chr6	56320000	56600000	-1	1
20	chr6	56640000	57320000	-1	1
21	chr6	57360000	57680000	-1	1
22	chr6	71960000	72320000	-1	1
23	chr6	72920000	74160000	-1	1
24	chr6	74200000	76440000	-1	1
25	chr6	76480000	76600000	-1	1
26	chr6	80760000	83000000	-1	1
27	chr6	83040000	83840000	-1	1
28	chr6	83880000	84320000	-1	1
29	chr6	86120000	86480000	-1	1
30	chr6	87840000	88600000	-1	1
31	chr6	89760000	90160000	-1	1
32	chr6	90200000	90400000	-1	1
33	chr6	90440000	90640000	-1	1
34	chr6	90680000	91280000	-1	1
35	chr6	97080000	170760000	-1	1
36	chr6	120000	520000	1	2
37	chr6	560000	1400000	1	2
38	chr6	1440000	1480000	1	2
39	chr6	1520000	2680000	1	2
40	chr6	2720000	3040000	1	2
41	chr6	3080000	3200000	1	2
42	chr6	3240000	3680000	1	2
43	chr6	3720000	3960000	1	2
44	chr6	4000000	5040000	1	2
45	chr6	5080000	5360000	1	2
46	chr6	5400000	6600000	1	2
47	chr6	6640000	7240000	1	2
48	chr6	7280000	7560000	1	2
49	chr6	7600000	8040000	1	2
50	chr6	8080000	8200000	1	2
51	chr6	10600000	10920000	1	2
52	chr6	10960000	11000000	1	2
53	chr6	11040000	11680000	1	2
54	chr6	11720000	12400000	1	2
55	chr6	12440000	12720000	1	2
56	chr6	13360000	13400000	1	2
57	chr6	13440000	13720000	1	2
58	chr6	13760000	13920000	1	2
59	chr6	13960000	14200000	1	2
60	chr6	14240000	15760000	1	2
61	chr6	15800000	16320000	1	2
62	chr6	16360000	16400000	1	2
63	chr6	16440000	17240000	1	2
64	chr6	17280000	17720000	1	2
65	chr6	17760000	17920000	1	2
66	chr6	17960000	18360000	1	2
67	chr6	18400000	18640000	1	2
68	chr6	20240000	20560000	1	2
69	chr6	20600000	24480000	1	2
70	chr6	24600000	24800000	1	2
71	chr6	24840000	25320000	1	2
72	chr6	25360000	25720000	1	2
73	chr6	26120000	26160000	1	2
74	chr6	26200000	26320000	1	2
75	chr6	26360000	26400000	1	2
76	chr6	26440000	26680000	1	2
77	chr6	26760000	26880000	1	2
78	chr6	27200000	27880000	1	2
79	chr6	27920000	28000000	1	2
80	chr6	28160000	28480000	1	2
81	chr6	28600000	28640000	1	2
82	chr6	28680000	28720000	1	2
83	chr6	28760000	29080000	1	2
84	chr6	29760000	30240000	1	2
85	chr6	30560000	30760000	3	2
86	chr6	30800000	31200000	3	2
87	chr6	31240000	31520000	3	2
88	chr6	31600000	32080000	4	2
89	chr6	32200000	32240000	4	2
90	chr6	32920000	33320000	6	2
91	chr6	33400000	33600000	7	2
92	chr6	33640000	34240000	7	2
93	chr6	34280000	35400000	7	2
94	chr6	35440000	35520000	7	2
95	chr6	35600000	36200000	8	2
96	chr6	36240000	36440000	8	2
97	chr6	36480000	36840000	8	2
98	chr6	36880000	37320000	8	2
99	chr6	37400000	37760000	9	2
100	chr6	37800000	38720000	9	2
101	chr6	39000000	41240000	10	2
102	chr6	41280000	41360000	10	2
103	chr6	41440000	41640000	11	2
104	chr6	41840000	42280000	12	2
105	chr6	42320000	42640000	12	2
106	chr6	42680000	42960000	12	2
107	chr6	43000000	43240000	12	2
108	chr6	43280000	43640000	12	2
109	chr6	43720000	44200000	13	2
110	chr6	44240000	44320000	13	2
111	chr6	44360000	44440000	13	2
112	chr6	44520000	46080000	14	2
113	chr6	47160000	47360000	15	2
114	chr6	52280000	52640000	16	2
115	chr6	52680000	53080000	16	2
116	chr6	53120000	53720000	16	2
117	chr6	53960000	55200000	18	2
118	chr6	56520000	56560000	19	2
119	chr6	56640000	56840000	20	2
120	chr6	56880000	57280000	20	2
121	chr6	57360000	57560000	21	2
122	chr6	72160000	72280000	22	2
123	chr6	72920000	74120000	23	2
124	chr6	74200000	74400000	24	2
125	chr6	74440000	76000000	24	2
126	chr6	76040000	76400000	24	2
127	chr6	80760000	82960000	26	2
128	chr6	83040000	83800000	27	2
129	chr6	83880000	84280000	28	2
130	chr6	86120000	86320000	29	2
131	chr6	87920000	88040000	30	2
132	chr6	88280000	88560000	30	2
133	chr6	89760000	90120000	31	2
134	chr6	90680000	91240000	34	2
135	chr6	97560000	97600000	35	2
136	chr6	97840000	97880000	35	2
137	chr6	100040000	100120000	35	2
138	chr6	100160000	100200000	35	2
139	chr6	100680000	101240000	35	2
140	chr6	105640000	107600000	35	2
141	chr6	107640000	108320000	35	2
142	chr6	108360000	108960000	35	2
143	chr6	109000000	109520000	35	2
144	chr6	109560000	109880000	35	2
145	chr6	109920000	110920000	35	2
146	chr6	110960000	111440000	35	2
147	chr6	111480000	111680000	35	2
148	chr6	111720000	112120000	35	2
149	chr6	112160000	112480000	35	2
150	chr6	112520000	114400000	35	2
151	chr6	114440000	114560000	35	2
152	chr6	116600000	117440000	35	2
153	chr6	117800000	118040000	35	2
154	chr6	118720000	119240000	35	2
155	chr6	121800000	122440000	35	2
156	chr6	123160000	123200000	35	2
157	chr6	125280000	125480000	35	2
158	chr6	125520000	125680000	35	2
159	chr6	125960000	126000000	35	2
160	chr6	126160000	126360000	35	2
161	chr6	127320000	127360000	35	2
162	chr6	127720000	127880000	35	2
163	chr6	128080000	129840000	35	2
164	chr6	129880000	130400000	35	2
165	chr6	130440000	131240000	35	2
166	chr6	131280000	131520000	35	2
167	chr6	131560000	131920000	35	2
168	chr6	132040000	132280000	35	2
169	chr6	132320000	132640000	35	2
170	chr6	132680000	132880000	35	2
171	chr6	132920000	133200000	35	2
172	chr6	133240000	133920000	35	2
173	chr6	133960000	134280000	35	2
174	chr6	134320000	134480000	35	2
175	chr6	134520000	135320000	35	2
176	chr6	135360000	135400000	35	2
177	chr6	135440000	135800000	35	2
178	chr6	135840000	136680000	35	2
179	chr6	136720000	136920000	35	2
180	chr6	136960000	137160000	35	2
181	chr6	137400000	138040000	35	2
182	chr6	138080000	138320000	35	2
183	chr6	138360000	138480000	35	2
184	chr6	138520000	138760000	35	2
185	chr6	138800000	139160000	35	2
186	chr6	139200000	139720000	35	2
187	chr6	139760000	142000000	35	2
188	chr6	142560000	142840000	35	2
189	chr6	142880000	143840000	35	2
190	chr6	143880000	144480000	35	2
191	chr6	144520000	146280000	35	2
192	chr6	148560000	149400000	35	2
193	chr6	149440000	149920000	35	2
194	chr6	149960000	150080000	35	2
195	chr6	150120000	150280000	35	2
196	chr6	150320000	150400000	35	2
197	chr6	150440000	150760000	35	2
198	chr6	150840000	151040000	35	2
199	chr6	151080000	151800000	35	2
200	chr6	152520000	153080000	35	2
201	chr6	153520000	153600000	35	2
202	chr6	154560000	154760000	35	2
203	chr6	154800000	159360000	35	2
204	chr6	159400000	169200000	35	2
205	chr6	169240000	169360000	35	2
206	chr6	169400000	169920000	35	2
207	chr6	170480000	170720000	35	2
208	chr6	160000	320000	36	3
209	chr6	360000	480000	36	3
210	chr6	560000	760000	37	3
211	chr6	800000	1280000	37	3
212	chr6	1320000	1360000	37	3
213	chr6	1600000	1720000	39	3
214	chr6	1760000	1880000	39	3
215	chr6	1920000	1960000	39	3
216	chr6	2000000	2040000	39	3
217	chr6	2080000	2160000	39	3
218	chr6	2200000	2320000	39	3
219	chr6	2360000	2640000	39	3
220	chr6	2720000	2920000	40	3
221	chr6	3240000	3440000	42	3
222	chr6	3480000	3640000	42	3
223	chr6	3720000	3920000	43	3
224	chr6	4000000	4200000	44	3
225	chr6	4240000	4640000	44	3
226	chr6	4680000	4720000	44	3
227	chr6	4760000	4880000	44	3
228	chr6	4920000	5000000	44	3
229	chr6	5280000	5320000	45	3
230	chr6	5400000	6560000	46	3
231	chr6	6640000	7040000	47	3
232	chr6	7080000	7200000	47	3
233	chr6	7480000	7520000	48	3
234	chr6	7680000	7800000	49	3
235	chr6	7960000	8000000	49	3
236	chr6	10640000	10800000	51	3
237	chr6	11080000	11240000	53	3
238	chr6	11280000	11640000	53	3
239	chr6	11920000	11960000	54	3
240	chr6	12000000	12120000	54	3
241	chr6	12160000	12200000	54	3
242	chr6	12240000	12360000	54	3
243	chr6	12640000	12680000	55	3
244	chr6	13640000	13680000	57	3
245	chr6	13960000	14160000	59	3
246	chr6	14360000	14440000	60	3
247	chr6	14480000	14600000	60	3
248	chr6	14640000	14680000	60	3
249	chr6	14720000	14760000	60	3
250	chr6	14800000	14840000	60	3
251	chr6	14880000	14960000	60	3
252	chr6	15000000	15080000	60	3
253	chr6	15120000	15160000	60	3
254	chr6	15200000	15240000	60	3
255	chr6	15280000	15320000	60	3
256	chr6	15360000	15520000	60	3
257	chr6	15560000	15600000	60	3
258	chr6	15640000	15720000	60	3
259	chr6	15800000	16280000	61	3
260	chr6	16480000	16640000	63	3
261	chr6	16680000	16800000	63	3
262	chr6	16840000	16880000	63	3
263	chr6	16920000	16960000	63	3
264	chr6	17000000	17080000	63	3
265	chr6	17120000	17200000	63	3
266	chr6	17280000	17680000	64	3
267	chr6	17960000	18160000	66	3
268	chr6	18200000	18320000	66	3
269	chr6	18400000	18600000	67	3
270	chr6	20440000	20520000	68	3
271	chr6	20680000	21720000	69	3
272	chr6	21760000	21800000	69	3
273	chr6	21840000	22040000	69	3
274	chr6	22080000	22160000	69	3
275	chr6	22440000	22480000	69	3
276	chr6	22680000	22720000	69	3
277	chr6	22960000	23000000	69	3
278	chr6	23240000	23280000	69	3
279	chr6	23320000	23360000	69	3
280	chr6	24840000	25200000	71	3
281	chr6	25400000	25560000	72	3
282	chr6	26440000	26640000	76	3
283	chr6	27240000	27400000	78	3
284	chr6	27520000	27560000	78	3
285	chr6	27680000	27720000	78	3
286	chr6	27760000	27840000	78	3
287	chr6	28200000	28360000	80	3
288	chr6	28840000	28960000	83	3
289	chr6	29760000	30120000	84	3
290	chr6	30160000	30200000	84	3
291	chr6	30800000	31000000	86	3
292	chr6	31040000	31160000	86	3
293	chr6	31600000	31800000	88	3
294	chr6	31840000	31960000	88	3
295	chr6	32000000	32040000	88	3
296	chr6	32960000	33120000	90	3
297	chr6	33160000	33280000	90	3
298	chr6	33640000	33840000	92	3
299	chr6	33880000	34200000	92	3
300	chr6	34280000	34480000	93	3
301	chr6	34520000	34680000	93	3
302	chr6	34720000	34800000	93	3
303	chr6	34840000	34880000	93	3
304	chr6	34920000	34960000	93	3
305	chr6	35000000	35040000	93	3
306	chr6	35080000	35200000	93	3
307	chr6	35240000	35360000	93	3
308	chr6	35640000	35800000	95	3
309	chr6	35840000	35960000	95	3
310	chr6	36000000	36040000	95	3
311	chr6	36080000	36160000	95	3
312	chr6	36480000	36680000	97	3
313	chr6	36880000	37080000	98	3
314	chr6	37120000	37280000	98	3
315	chr6	37400000	37600000	99	3
316	chr6	37800000	38160000	100	3
317	chr6	38200000	38240000	100	3
318	chr6	38280000	38600000	100	3
319	chr6	38640000	38680000	100	3
320	chr6	39080000	39400000	101	3
321	chr6	39440000	40000000	101	3
322	chr6	40040000	40080000	101	3
323	chr6	40360000	40400000	101	3
324	chr6	40440000	40560000	101	3
325	chr6	40680000	40760000	101	3
326	chr6	40800000	40840000	101	3
327	chr6	41000000	41120000	101	3
328	chr6	41160000	41200000	101	3
329	chr6	41880000	42040000	104	3
330	chr6	42160000	42240000	104	3
331	chr6	42320000	42520000	105	3
332	chr6	42880000	42920000	106	3
333	chr6	43000000	43200000	107	3
334	chr6	43280000	43480000	108	3
335	chr6	43720000	43920000	109	3
336	chr6	43960000	44080000	109	3
337	chr6	44120000	44160000	109	3
338	chr6	44520000	44720000	112	3
339	chr6	44760000	44880000	112	3
340	chr6	45480000	45520000	112	3
341	chr6	45560000	45800000	112	3
342	chr6	45840000	45960000	112	3
343	chr6	46000000	46040000	112	3
344	chr6	52480000	52600000	114	3
345	chr6	52880000	52960000	115	3
346	chr6	53000000	53040000	115	3
347	chr6	53120000	53480000	116	3
348	chr6	53520000	53680000	116	3
349	chr6	53960000	55160000	117	3
350	chr6	56880000	57080000	120	3
351	chr6	57200000	57240000	120	3
352	chr6	73240000	73320000	123	3
353	chr6	73360000	73960000	123	3
354	chr6	74000000	74080000	123	3
355	chr6	74440000	74640000	125	3
356	chr6	74680000	74840000	125	3
357	chr6	74880000	74920000	125	3
358	chr6	74960000	75160000	125	3
359	chr6	75320000	75360000	125	3
360	chr6	75400000	75800000	125	3
361	chr6	75840000	75880000	125	3
362	chr6	75920000	75960000	125	3
363	chr6	76040000	76240000	126	3
364	chr6	81200000	81240000	127	3
365	chr6	81280000	81320000	127	3
366	chr6	81360000	81400000	127	3
367	chr6	81680000	81720000	127	3
368	chr6	82560000	82760000	127	3
369	chr6	82880000	82920000	127	3
370	chr6	83040000	83760000	128	3
371	chr6	83880000	84240000	129	3
372	chr6	88480000	88520000	132	3
373	chr6	89760000	89960000	133	3
374	chr6	90680000	91200000	134	3
375	chr6	100680000	101040000	139	3
376	chr6	101080000	101120000	139	3
377	chr6	105680000	106000000	140	3
378	chr6	106120000	106160000	140	3
379	chr6	106200000	106280000	140	3
380	chr6	106320000	106560000	140	3
381	chr6	106600000	106640000	140	3
382	chr6	106680000	106760000	140	3
383	chr6	106800000	106840000	140	3
384	chr6	106920000	107000000	140	3
385	chr6	107040000	107120000	140	3
386	chr6	107160000	107200000	140	3
387	chr6	107240000	107440000	140	3
388	chr6	107480000	107560000	140	3
389	chr6	107640000	108080000	141	3
390	chr6	108120000	108160000	141	3
391	chr6	108200000	108280000	141	3
392	chr6	108560000	108640000	142	3
393	chr6	108680000	108920000	142	3
394	chr6	109000000	109200000	143	3
395	chr6	109240000	109360000	143	3
396	chr6	109400000	109480000	143	3
397	chr6	109600000	109760000	144	3
398	chr6	110240000	110280000	145	3
399	chr6	110320000	110440000	145	3
400	chr6	110480000	110520000	145	3
401	chr6	110720000	110760000	145	3
402	chr6	110960000	111400000	146	3
403	chr6	111720000	111920000	148	3
404	chr6	111960000	112080000	148	3
405	chr6	112160000	112360000	149	3
406	chr6	112520000	112720000	150	3
407	chr6	112960000	113000000	150	3
408	chr6	113120000	113160000	150	3
409	chr6	113200000	114360000	150	3
410	chr6	116760000	116800000	152	3
411	chr6	116840000	116960000	152	3
412	chr6	117000000	117040000	152	3
413	chr6	117880000	118000000	153	3
414	chr6	118720000	119080000	154	3
415	chr6	119120000	119200000	154	3
416	chr6	121800000	122400000	155	3
417	chr6	128680000	128720000	163	3
418	chr6	128840000	128880000	163	3
419	chr6	128920000	128960000	163	3
420	chr6	129000000	129080000	163	3
421	chr6	129120000	129160000	163	3
422	chr6	130000000	130080000	164	3
423	chr6	130120000	130280000	164	3
424	chr6	130320000	130360000	164	3
425	chr6	130440000	130640000	165	3
426	chr6	130760000	130840000	165	3
427	chr6	130880000	130960000	165	3
428	chr6	131000000	131040000	165	3
429	chr6	131080000	131120000	165	3
430	chr6	131280000	131480000	166	3
431	chr6	131560000	131760000	167	3
432	chr6	132040000	132240000	168	3
433	chr6	132320000	132520000	169	3
434	chr6	133120000	133160000	171	3
435	chr6	133240000	133880000	172	3
436	chr6	133960000	134160000	173	3
437	chr6	134560000	134880000	175	3
438	chr6	134920000	134960000	175	3
439	chr6	135000000	135040000	175	3
440	chr6	135080000	135200000	175	3
441	chr6	135240000	135280000	175	3
442	chr6	135440000	135640000	177	3
443	chr6	135880000	136320000	178	3
444	chr6	136360000	136400000	178	3
445	chr6	136440000	136480000	178	3
446	chr6	136520000	136560000	178	3
447	chr6	137600000	137640000	181	3
448	chr6	137800000	137840000	181	3
449	chr6	138080000	138280000	182	3
450	chr6	138520000	138720000	184	3
451	chr6	138800000	139000000	185	3
452	chr6	139200000	139400000	186	3
453	chr6	139440000	139600000	186	3
454	chr6	139640000	139680000	186	3
455	chr6	139760000	139960000	187	3
456	chr6	140000000	140120000	187	3
457	chr6	140160000	140200000	187	3
458	chr6	140240000	141960000	187	3
459	chr6	142760000	142800000	188	3
460	chr6	142960000	143080000	189	3
461	chr6	143120000	143320000	189	3
462	chr6	143360000	143800000	189	3
463	chr6	143920000	144280000	190	3
464	chr6	144320000	144360000	190	3
465	chr6	144520000	144880000	191	3
466	chr6	144920000	144960000	191	3
467	chr6	145000000	145400000	191	3
468	chr6	145440000	145520000	191	3
469	chr6	145640000	145680000	191	3
470	chr6	146040000	146080000	191	3
471	chr6	146200000	146240000	191	3
472	chr6	148560000	148920000	192	3
473	chr6	148960000	149120000	192	3
474	chr6	149160000	149200000	192	3
475	chr6	149240000	149280000	192	3
476	chr6	149320000	149360000	192	3
477	chr6	149440000	149880000	193	3
478	chr6	150440000	150640000	197	3
479	chr6	151200000	151280000	199	3
480	chr6	151320000	151480000	199	3
481	chr6	151520000	151600000	199	3
482	chr6	151640000	151680000	199	3
483	chr6	151720000	151760000	199	3
484	chr6	152520000	152720000	200	3
485	chr6	152760000	153040000	200	3
486	chr6	154800000	155000000	203	3
487	chr6	155040000	155200000	203	3
488	chr6	155240000	155280000	203	3
489	chr6	155320000	155360000	203	3
490	chr6	155400000	155440000	203	3
491	chr6	155480000	155520000	203	3
492	chr6	155560000	155600000	203	3
493	chr6	155640000	155680000	203	3
494	chr6	155720000	155880000	203	3
495	chr6	155920000	156800000	203	3
496	chr6	156840000	156880000	203	3
497	chr6	156920000	157000000	203	3
498	chr6	157040000	157120000	203	3
499	chr6	157160000	157400000	203	3
500	chr6	157440000	157560000	203	3
501	chr6	157680000	157720000	203	3
502	chr6	157760000	157920000	203	3
503	chr6	157960000	158000000	203	3
504	chr6	158040000	158080000	203	3
505	chr6	158120000	158240000	203	3
506	chr6	158280000	158320000	203	3
507	chr6	158360000	158400000	203	3
508	chr6	158440000	158480000	203	3
509	chr6	158520000	158560000	203	3
510	chr6	158600000	158720000	203	3
511	chr6	158760000	158800000	203	3
512	chr6	158840000	158880000	203	3
513	chr6	158920000	159040000	203	3
514	chr6	159080000	159120000	203	3
515	chr6	159160000	159240000	203	3
516	chr6	159280000	159320000	203	3
517	chr6	159520000	160040000	204	3
518	chr6	160080000	160120000	204	3
519	chr6	160160000	160200000	204	3
520	chr6	160240000	160320000	204	3
521	chr6	160360000	160400000	204	3
522	chr6	160440000	160480000	204	3
523	chr6	161280000	161320000	204	3
524	chr6	161360000	161440000	204	3
525	chr6	161480000	161640000	204	3
526	chr6	163720000	163760000	204	3
527	chr6	163800000	163920000	204	3
528	chr6	163960000	164000000	204	3
529	chr6	164120000	164200000	204	3
530	chr6	164240000	164280000	204	3
531	chr6	165800000	166000000	204	3
532	chr6	166040000	166200000	204	3
533	chr6	166240000	166480000	204	3
534	chr6	166520000	166600000	204	3
535	chr6	166640000	166760000	204	3
536	chr6	166800000	166840000	204	3
537	chr6	166880000	166960000	204	3
538	chr6	167000000	167120000	204	3
539	chr6	167280000	167320000	204	3
540	chr6	167360000	167400000	204	3
541	chr6	167440000	169080000	204	3
542	chr6	169400000	169600000	206	3
543	chr6	169640000	169880000	206	3
544	chr6	170480000	170680000	207	3
