1	chr8	160000	43280000	-1	1
2	chr8	48360000	49000000	-1	1
3	chr8	49040000	50040000	-1	1
4	chr8	53120000	53560000	-1	1
5	chr8	53600000	53800000	-1	1
6	chr8	54560000	55240000	-1	1
7	chr8	55280000	55560000	-1	1
8	chr8	56880000	57160000	-1	1
9	chr8	57200000	57280000	-1	1
10	chr8	57400000	57440000	-1	1
11	chr8	57600000	58040000	-1	1
12	chr8	58080000	58120000	-1	1
13	chr8	61480000	62240000	-1	1
14	chr8	62640000	62880000	-1	1
15	chr8	66720000	68960000	-1	1
16	chr8	69640000	70760000	-1	1
17	chr8	71040000	71080000	-1	1
18	chr8	71200000	71760000	-1	1
19	chr8	72920000	73240000	-1	1
20	chr8	74360000	75160000	-1	1
21	chr8	80800000	82720000	-1	1
22	chr8	90840000	91080000	-1	1
23	chr8	92440000	94760000	-1	1
24	chr8	94800000	95640000	-1	1
25	chr8	95680000	97320000	-1	1
26	chr8	97360000	99200000	-1	1
27	chr8	99240000	102400000	-1	1
28	chr8	102440000	103280000	-1	1
29	chr8	103320000	104600000	-1	1
30	chr8	105440000	105560000	-1	1
31	chr8	105600000	106920000	-1	1
32	chr8	106960000	107760000	-1	1
33	chr8	107800000	108880000	-1	1
34	chr8	117440000	117560000	-1	1
35	chr8	117600000	117840000	-1	1
36	chr8	118440000	120920000	-1	1
37	chr8	120960000	124320000	-1	1
38	chr8	124360000	125560000	-1	1
39	chr8	125600000	126120000	-1	1
40	chr8	126160000	144440000	-1	1
41	chr8	144480000	144720000	-1	1
42	chr8	144760000	146280000	-1	1
43	chr8	200000	1680000	1	2
44	chr8	1720000	1760000	1	2
45	chr8	1800000	2000000	1	2
46	chr8	2040000	2080000	1	2
47	chr8	2200000	2320000	1	2
48	chr8	6280000	6680000	1	2
49	chr8	6720000	6920000	1	2
50	chr8	8160000	8920000	1	2
51	chr8	8960000	9760000	1	2
52	chr8	9800000	10360000	1	2
53	chr8	10400000	10800000	1	2
54	chr8	10840000	11200000	1	2
55	chr8	11240000	11960000	1	2
56	chr8	12520000	12760000	1	2
57	chr8	12800000	13600000	1	2
58	chr8	15120000	17160000	1	2
59	chr8	17200000	17840000	1	2
60	chr8	17880000	18760000	1	2
61	chr8	18800000	19280000	1	2
62	chr8	19320000	19720000	1	2
63	chr8	19760000	20080000	1	2
64	chr8	20120000	20280000	1	2
65	chr8	20320000	21800000	1	2
66	chr8	21840000	21960000	1	2
67	chr8	22040000	22080000	1	2
68	chr8	22120000	22520000	1	2
69	chr8	22560000	22960000	1	2
70	chr8	23000000	23360000	1	2
71	chr8	23400000	23680000	1	2
72	chr8	23720000	24160000	1	2
73	chr8	25120000	25400000	1	2
74	chr8	25520000	26000000	1	2
75	chr8	26040000	26600000	1	2
76	chr8	26640000	27200000	1	2
77	chr8	27240000	27520000	1	2
78	chr8	27560000	27760000	1	2
79	chr8	27800000	28520000	1	2
80	chr8	28560000	28680000	1	2
81	chr8	28720000	29240000	1	2
82	chr8	29280000	30120000	1	2
83	chr8	30160000	30600000	1	2
84	chr8	30640000	30800000	1	2
85	chr8	30840000	31160000	1	2
86	chr8	31200000	33600000	1	2
87	chr8	36840000	37720000	1	2
88	chr8	37760000	38120000	1	2
89	chr8	38160000	38760000	1	2
90	chr8	38800000	39080000	1	2
91	chr8	39120000	39240000	1	2
92	chr8	39880000	41520000	1	2
93	chr8	41560000	42120000	1	2
94	chr8	42160000	42360000	1	2
95	chr8	42400000	43040000	1	2
96	chr8	43080000	43240000	1	2
97	chr8	48360000	48960000	2	2
98	chr8	49040000	49920000	3	2
99	chr8	49960000	50000000	3	2
100	chr8	53160000	53520000	4	2
101	chr8	54560000	55200000	6	2
102	chr8	57600000	58000000	11	2
103	chr8	61480000	62200000	13	2
104	chr8	66880000	67120000	15	2
105	chr8	67160000	67520000	15	2
106	chr8	67560000	68400000	15	2
107	chr8	68520000	68560000	15	2
108	chr8	68800000	68840000	15	2
109	chr8	68880000	68920000	15	2
110	chr8	69680000	70560000	16	2
111	chr8	71200000	71600000	18	2
112	chr8	71640000	71720000	18	2
113	chr8	74400000	74760000	20	2
114	chr8	74800000	75120000	20	2
115	chr8	80800000	81200000	21	2
116	chr8	81240000	82680000	21	2
117	chr8	92520000	94720000	23	2
118	chr8	94800000	95480000	24	2
119	chr8	95520000	95600000	24	2
120	chr8	95680000	96360000	25	2
121	chr8	96400000	97280000	25	2
122	chr8	97360000	98880000	26	2
123	chr8	98920000	99160000	26	2
124	chr8	99240000	101200000	27	2
125	chr8	101240000	102360000	27	2
126	chr8	102440000	102840000	28	2
127	chr8	102960000	103000000	28	2
128	chr8	103040000	103080000	28	2
129	chr8	103120000	103240000	28	2
130	chr8	103360000	103920000	29	2
131	chr8	103960000	104160000	29	2
132	chr8	104200000	104560000	29	2
133	chr8	105600000	106000000	31	2
134	chr8	106040000	106880000	31	2
135	chr8	107000000	107640000	32	2
136	chr8	107840000	108640000	33	2
137	chr8	108680000	108720000	33	2
138	chr8	118440000	120520000	36	2
139	chr8	120560000	120800000	36	2
140	chr8	120960000	121520000	37	2
141	chr8	121560000	124280000	37	2
142	chr8	124360000	124920000	38	2
143	chr8	124960000	125520000	38	2
144	chr8	125600000	126000000	39	2
145	chr8	126040000	126080000	39	2
146	chr8	126160000	126800000	40	2
147	chr8	126840000	127880000	40	2
148	chr8	127920000	130880000	40	2
149	chr8	130920000	132360000	40	2
150	chr8	132840000	132880000	40	2
151	chr8	132920000	132960000	40	2
152	chr8	133880000	134560000	40	2
153	chr8	134600000	135800000	40	2
154	chr8	135840000	135880000	40	2
155	chr8	135920000	141520000	40	2
156	chr8	141560000	142800000	40	2
157	chr8	142840000	143520000	40	2
158	chr8	143720000	144400000	40	2
159	chr8	144760000	145640000	42	2
160	chr8	145680000	146240000	42	2
161	chr8	200000	600000	43	3
162	chr8	640000	1640000	43	3
163	chr8	8160000	8560000	50	3
164	chr8	8600000	8640000	50	3
165	chr8	8680000	8880000	50	3
166	chr8	8960000	9640000	51	3
167	chr8	9840000	10240000	52	3
168	chr8	11240000	11920000	55	3
169	chr8	12960000	13360000	57	3
170	chr8	13400000	13560000	57	3
171	chr8	15160000	16720000	58	3
172	chr8	16760000	16920000	58	3
173	chr8	16960000	17040000	58	3
174	chr8	17080000	17120000	58	3
175	chr8	17200000	17600000	59	3
176	chr8	17640000	17800000	59	3
177	chr8	17880000	18720000	60	3
178	chr8	18800000	19240000	61	3
179	chr8	20320000	21200000	65	3
180	chr8	21240000	21760000	65	3
181	chr8	23720000	24120000	72	3
182	chr8	25520000	25960000	74	3
183	chr8	26040000	26440000	75	3
184	chr8	26480000	26560000	75	3
185	chr8	27800000	28240000	79	3
186	chr8	28280000	28360000	79	3
187	chr8	28400000	28480000	79	3
188	chr8	28720000	29120000	81	3
189	chr8	29160000	29200000	81	3
190	chr8	29280000	30000000	82	3
191	chr8	30160000	30560000	83	3
192	chr8	32120000	33560000	86	3
193	chr8	36840000	37680000	87	3
194	chr8	38160000	38720000	89	3
195	chr8	39960000	40280000	92	3
196	chr8	40320000	41000000	92	3
197	chr8	41040000	41480000	92	3
198	chr8	41560000	41960000	93	3
199	chr8	42000000	42080000	93	3
200	chr8	42400000	42800000	95	3
201	chr8	42840000	43000000	95	3
202	chr8	48360000	48800000	97	3
203	chr8	48840000	48920000	97	3
204	chr8	49040000	49480000	98	3
205	chr8	49520000	49680000	98	3
206	chr8	49720000	49760000	98	3
207	chr8	49800000	49880000	98	3
208	chr8	54880000	55160000	101	3
209	chr8	61520000	62160000	103	3
210	chr8	67560000	68000000	106	3
211	chr8	68040000	68120000	106	3
212	chr8	68200000	68240000	106	3
213	chr8	68280000	68360000	106	3
214	chr8	69680000	70520000	110	3
215	chr8	81240000	82080000	116	3
216	chr8	82120000	82320000	116	3
217	chr8	92520000	94680000	117	3
218	chr8	94800000	95200000	118	3
219	chr8	95240000	95360000	118	3
220	chr8	95400000	95440000	118	3
221	chr8	95680000	96080000	120	3
222	chr8	96120000	96320000	120	3
223	chr8	96400000	97240000	121	3
224	chr8	97360000	98240000	122	3
225	chr8	98280000	98840000	122	3
226	chr8	99280000	99640000	124	3
227	chr8	99680000	99720000	124	3
228	chr8	99760000	99800000	124	3
229	chr8	99840000	101000000	124	3
230	chr8	101120000	101160000	124	3
231	chr8	101240000	101640000	125	3
232	chr8	101680000	101760000	125	3
233	chr8	101800000	101920000	125	3
234	chr8	101960000	102040000	125	3
235	chr8	102080000	102320000	125	3
236	chr8	103360000	103760000	130	3
237	chr8	103800000	103880000	130	3
238	chr8	106040000	106720000	134	3
239	chr8	106760000	106840000	134	3
240	chr8	107000000	107600000	135	3
241	chr8	107880000	108520000	136	3
242	chr8	118560000	118880000	138	3
243	chr8	118920000	119120000	138	3
244	chr8	119160000	119520000	138	3
245	chr8	119560000	120040000	138	3
246	chr8	120080000	120160000	138	3
247	chr8	120200000	120480000	138	3
248	chr8	120960000	121360000	140	3
249	chr8	121400000	121480000	140	3
250	chr8	121560000	122000000	141	3
251	chr8	122040000	123680000	141	3
252	chr8	123720000	124240000	141	3
253	chr8	124360000	124760000	142	3
254	chr8	124800000	124880000	142	3
255	chr8	124960000	125360000	143	3
256	chr8	125400000	125480000	143	3
257	chr8	126200000	126760000	146	3
258	chr8	127560000	127600000	147	3
259	chr8	127640000	127680000	147	3
260	chr8	127920000	128800000	148	3
261	chr8	128840000	129280000	148	3
262	chr8	129320000	129440000	148	3
263	chr8	129480000	130840000	148	3
264	chr8	130920000	131320000	149	3
265	chr8	131360000	131440000	149	3
266	chr8	131480000	131520000	149	3
267	chr8	131560000	131800000	149	3
268	chr8	131840000	131920000	149	3
269	chr8	133960000	134280000	152	3
270	chr8	134320000	134520000	152	3
271	chr8	134600000	135000000	153	3
272	chr8	135040000	135760000	153	3
273	chr8	136320000	141480000	155	3
274	chr8	141760000	142280000	156	3
275	chr8	142320000	142440000	156	3
276	chr8	142480000	142760000	156	3
277	chr8	142840000	143480000	157	3
278	chr8	143720000	144280000	158	3
279	chr8	144800000	145160000	159	3
280	chr8	145200000	145240000	159	3
281	chr8	145280000	145480000	159	3
282	chr8	145520000	145600000	159	3
283	chr8	145760000	146080000	160	3
284	chr8	146120000	146200000	160	3
285	chr8	720000	1080000	162	4
286	chr8	1200000	1240000	162	4
287	chr8	1280000	1320000	162	4
288	chr8	8960000	9360000	166	4
289	chr8	11320000	11640000	168	4
290	chr8	11680000	11720000	168	4
291	chr8	11760000	11800000	168	4
292	chr8	15160000	16680000	171	4
293	chr8	17960000	18600000	177	4
294	chr8	18840000	19200000	178	4
295	chr8	20320000	21160000	179	4
296	chr8	21400000	21640000	180	4
297	chr8	27800000	28200000	185	4
298	chr8	29280000	29680000	190	4
299	chr8	29720000	29960000	190	4
300	chr8	32240000	32520000	192	4
301	chr8	32560000	33440000	192	4
302	chr8	36840000	37240000	193	4
303	chr8	37280000	37360000	193	4
304	chr8	37400000	37520000	193	4
305	chr8	37560000	37640000	193	4
306	chr8	38160000	38560000	194	4
307	chr8	38600000	38680000	194	4
308	chr8	40320000	40960000	196	4
309	chr8	41040000	41440000	197	4
310	chr8	48360000	48760000	202	4
311	chr8	49040000	49440000	204	4
312	chr8	61520000	61960000	209	4
313	chr8	62000000	62120000	209	4
314	chr8	67560000	67960000	210	4
315	chr8	69680000	70320000	214	4
316	chr8	70360000	70480000	214	4
317	chr8	81800000	82040000	215	4
318	chr8	92520000	94560000	217	4
319	chr8	94600000	94640000	217	4
320	chr8	96400000	97000000	223	4
321	chr8	97040000	97080000	223	4
322	chr8	97120000	97200000	223	4
323	chr8	97440000	97920000	224	4
324	chr8	97960000	98000000	224	4
325	chr8	98040000	98200000	224	4
326	chr8	98280000	98680000	225	4
327	chr8	98720000	98800000	225	4
328	chr8	99840000	100240000	229	4
329	chr8	100280000	100360000	229	4
330	chr8	100400000	100440000	229	4
331	chr8	100480000	100960000	229	4
332	chr8	106040000	106680000	238	4
333	chr8	107040000	107400000	240	4
334	chr8	107520000	107560000	240	4
335	chr8	107880000	108480000	241	4
336	chr8	119560000	120000000	245	4
337	chr8	121560000	121960000	250	4
338	chr8	122080000	122440000	251	4
339	chr8	122480000	122520000	251	4
340	chr8	122560000	122600000	251	4
341	chr8	122640000	122720000	251	4
342	chr8	122760000	122800000	251	4
343	chr8	122840000	122880000	251	4
344	chr8	122920000	123160000	251	4
345	chr8	123200000	123560000	251	4
346	chr8	123600000	123640000	251	4
347	chr8	123760000	124120000	252	4
348	chr8	124160000	124200000	252	4
349	chr8	126200000	126600000	257	4
350	chr8	126640000	126720000	257	4
351	chr8	127960000	128320000	260	4
352	chr8	128360000	128400000	260	4
353	chr8	128440000	128480000	260	4
354	chr8	128520000	128560000	260	4
355	chr8	128600000	128640000	260	4
356	chr8	128680000	128760000	260	4
357	chr8	128840000	129240000	261	4
358	chr8	129480000	130040000	263	4
359	chr8	130080000	130800000	263	4
360	chr8	135040000	135440000	272	4
361	chr8	135480000	135520000	272	4
362	chr8	135560000	135720000	272	4
363	chr8	136600000	136720000	273	4
364	chr8	136760000	136840000	273	4
365	chr8	136880000	141440000	273	4
366	chr8	141760000	142160000	274	4
367	chr8	142200000	142240000	274	4
368	chr8	143200000	143240000	277	4
369	chr8	143280000	143360000	277	4
370	chr8	143400000	143440000	277	4
371	chr8	143720000	144160000	278	4
