1	chr16	3520000	3760000	-1	1
2	chr16	3800000	4680000	-1	1
3	chr16	4720000	4920000	-1	1
4	chr16	4960000	5240000	-1	1
5	chr16	5280000	5560000	-1	1
6	chr16	6520000	8400000	-1	1
7	chr16	8440000	8680000	-1	1
8	chr16	8720000	8880000	-1	1
9	chr16	8920000	10080000	-1	1
10	chr16	10120000	10280000	-1	1
11	chr16	10440000	10560000	-1	1
12	chr16	10600000	10840000	-1	1
13	chr16	10880000	11440000	-1	1
14	chr16	11480000	13080000	-1	1
15	chr16	13120000	13680000	-1	1
16	chr16	13720000	14200000	-1	1
17	chr16	14240000	15600000	-1	1
18	chr16	15640000	17000000	-1	1
19	chr16	17040000	17640000	-1	1
20	chr16	17680000	18240000	-1	1
21	chr16	18280000	18920000	-1	1
22	chr16	18960000	20200000	-1	1
23	chr16	20240000	20680000	-1	1
24	chr16	20720000	21440000	-1	1
25	chr16	21480000	22240000	-1	1
26	chr16	22280000	23160000	-1	1
27	chr16	23200000	23960000	-1	1
28	chr16	24000000	25360000	-1	1
29	chr16	25400000	25960000	-1	1
30	chr16	26280000	26520000	-1	1
31	chr16	27240000	27280000	-1	1
32	chr16	27480000	28520000	-1	1
33	chr16	28560000	29600000	-1	1
34	chr16	29640000	30560000	-1	1
35	chr16	30600000	31440000	-1	1
36	chr16	31480000	31960000	-1	1
37	chr16	32000000	33080000	-1	1
38	chr16	33120000	34120000	-1	1
39	chr16	34160000	35760000	-1	1
40	chr16	35800000	36080000	-1	1
41	chr16	36120000	36240000	-1	1
42	chr16	36360000	37040000	-1	1
43	chr16	37080000	38320000	-1	1
44	chr16	38360000	38600000	-1	1
45	chr16	38640000	39080000	-1	1
46	chr16	39200000	39240000	-1	1
47	chr16	42000000	42120000	-1	1
48	chr16	42160000	44120000	-1	1
49	chr16	44160000	44720000	-1	1
50	chr16	44760000	45160000	-1	1
51	chr16	45600000	45680000	-1	1
52	chr16	45720000	48240000	-1	1
53	chr16	48280000	49000000	-1	1
54	chr16	49040000	49080000	-1	1
55	chr16	49120000	49200000	-1	1
56	chr16	49480000	50160000	-1	1
57	chr16	50200000	50800000	-1	1
58	chr16	55760000	55880000	-1	1
59	chr16	55920000	56160000	-1	1
60	chr16	56200000	57120000	-1	1
61	chr16	57160000	57640000	-1	1
62	chr16	57680000	58240000	-1	1
63	chr16	58720000	58760000	-1	1
64	chr16	59480000	59680000	-1	1
65	chr16	59720000	59760000	-1	1
66	chr16	62920000	64760000	-1	1
67	chr16	64800000	65560000	-1	1
68	chr16	65600000	66040000	-1	1
69	chr16	72640000	73000000	-1	1
70	chr16	73040000	73160000	-1	1
71	chr16	75680000	76920000	-1	1
72	chr16	78200000	78440000	-1	1
73	chr16	78480000	78640000	-1	1
74	chr16	78680000	78920000	-1	1
75	chr16	84040000	84080000	-1	1
76	chr16	84200000	84600000	-1	1
77	chr16	84640000	84680000	-1	1
78	chr16	84720000	84880000	-1	1
79	chr16	84920000	85720000	-1	1
80	chr16	85760000	87360000	-1	1
81	chr16	87400000	87520000	-1	1
82	chr16	87560000	87600000	-1	1
83	chr16	87640000	87720000	-1	1
84	chr16	87800000	88240000	-1	1
85	chr16	88880000	88920000	-1	1
86	chr16	89720000	89760000	-1	1
87	chr16	89800000	90320000	-1	1
88	chr16	90360000	91080000	-1	1
89	chr16	91120000	91680000	-1	1
90	chr16	91720000	91920000	-1	1
91	chr16	91960000	92480000	-1	1
92	chr16	92520000	93600000	-1	1
93	chr16	93720000	93880000	-1	1
94	chr16	93920000	94120000	-1	1
95	chr16	94400000	94560000	-1	1
96	chr16	94600000	94960000	-1	1
97	chr16	95000000	96200000	-1	1
98	chr16	96240000	96360000	-1	1
99	chr16	96400000	98320000	-1	1
