1	chr10	3240000	4400000	-1	1
2	chr10	4440000	4480000	-1	1
3	chr10	4520000	4880000	-1	1
4	chr10	5000000	5040000	-1	1
5	chr10	5080000	5120000	-1	1
6	chr10	5160000	5800000	-1	1
7	chr10	5920000	5960000	-1	1
8	chr10	6000000	6360000	-1	1
9	chr10	6400000	6800000	-1	1
10	chr10	6840000	7280000	-1	1
11	chr10	7320000	7520000	-1	1
12	chr10	7560000	8000000	-1	1
13	chr10	8280000	8440000	-1	1
14	chr10	8480000	9440000	-1	1
15	chr10	10120000	10880000	-1	1
16	chr10	10920000	11080000	-1	1
17	chr10	11120000	11960000	-1	1
18	chr10	12000000	12040000	-1	1
19	chr10	12160000	12360000	-1	1
20	chr10	12400000	12720000	-1	1
21	chr10	12760000	13160000	-1	1
22	chr10	13280000	13920000	-1	1
23	chr10	14160000	14440000	-1	1
24	chr10	14480000	15000000	-1	1
25	chr10	15040000	15160000	-1	1
26	chr10	16520000	17480000	-1	1
27	chr10	17520000	17600000	-1	1
28	chr10	17640000	17960000	-1	1
29	chr10	18000000	18080000	-1	1
30	chr10	18120000	18280000	-1	1
31	chr10	18320000	18640000	-1	1
32	chr10	18720000	18960000	-1	1
33	chr10	19280000	19840000	-1	1
34	chr10	19880000	20000000	-1	1
35	chr10	20040000	20080000	-1	1
36	chr10	20120000	20680000	-1	1
37	chr10	20720000	21080000	-1	1
38	chr10	21120000	21760000	-1	1
39	chr10	21880000	22120000	-1	1
40	chr10	22280000	23520000	-1	1
41	chr10	23560000	23880000	-1	1
42	chr10	23920000	24040000	-1	1
43	chr10	24080000	24360000	-1	1
44	chr10	24400000	24520000	-1	1
45	chr10	24560000	24600000	-1	1
46	chr10	24640000	24960000	-1	1
47	chr10	25000000	25400000	-1	1
48	chr10	25440000	25880000	-1	1
49	chr10	26120000	26720000	-1	1
50	chr10	26880000	27520000	-1	1
51	chr10	27560000	28000000	-1	1
52	chr10	28040000	28120000	-1	1
53	chr10	28160000	28600000	-1	1
54	chr10	28640000	28680000	-1	1
55	chr10	28720000	28760000	-1	1
56	chr10	28800000	29080000	-1	1
57	chr10	29200000	30240000	-1	1
58	chr10	30280000	30320000	-1	1
59	chr10	30360000	30560000	-1	1
60	chr10	30600000	31040000	-1	1
61	chr10	31080000	31240000	-1	1
62	chr10	33120000	33400000	-1	1
63	chr10	33440000	33680000	-1	1
64	chr10	33720000	34080000	-1	1
65	chr10	34120000	36600000	-1	1
66	chr10	36640000	36680000	-1	1
67	chr10	36720000	38840000	-1	1
68	chr10	38880000	39640000	-1	1
69	chr10	39680000	39960000	-1	1
70	chr10	40000000	40280000	-1	1
71	chr10	40320000	41120000	-1	1
72	chr10	41160000	41200000	-1	1
73	chr10	41240000	41440000	-1	1
74	chr10	41480000	41520000	-1	1
75	chr10	41560000	42000000	-1	1
76	chr10	42040000	42480000	-1	1
77	chr10	42520000	42720000	-1	1
78	chr10	42760000	42880000	-1	1
79	chr10	43000000	43080000	-1	1
80	chr10	43120000	43160000	-1	1
81	chr10	43200000	43280000	-1	1
82	chr10	43320000	43960000	-1	1
83	chr10	44000000	44800000	-1	1
84	chr10	44840000	45080000	-1	1
85	chr10	45120000	45640000	-1	1
86	chr10	45760000	46960000	-1	1
87	chr10	50360000	50400000	-1	1
88	chr10	51000000	51120000	-1	1
89	chr10	51280000	51920000	-1	1
90	chr10	51960000	52160000	-1	1
91	chr10	52200000	53080000	-1	1
92	chr10	53360000	53400000	-1	1
93	chr10	55760000	55800000	-1	1
94	chr10	56120000	56760000	-1	1
95	chr10	57080000	57160000	-1	1
96	chr10	57200000	57320000	-1	1
97	chr10	57760000	57920000	-1	1
98	chr10	57960000	58040000	-1	1
99	chr10	58080000	58120000	-1	1
100	chr10	58160000	58280000	-1	1
101	chr10	58640000	58760000	-1	1
102	chr10	58800000	59360000	-1	1
103	chr10	59400000	59600000	-1	1
104	chr10	59640000	59720000	-1	1
105	chr10	59760000	60600000	-1	1
106	chr10	60640000	60920000	-1	1
107	chr10	60960000	61200000	-1	1
108	chr10	61240000	61720000	-1	1
109	chr10	61760000	61960000	-1	1
110	chr10	62000000	62280000	-1	1
111	chr10	62320000	62360000	-1	1
112	chr10	62400000	62560000	-1	1
113	chr10	62600000	62880000	-1	1
114	chr10	62920000	66320000	-1	1
115	chr10	66360000	66680000	-1	1
116	chr10	66720000	66760000	-1	1
117	chr10	66800000	67400000	-1	1
118	chr10	67520000	67640000	-1	1
119	chr10	67680000	67760000	-1	1
120	chr10	67800000	68640000	-1	1
121	chr10	68680000	68800000	-1	1
122	chr10	68840000	69320000	-1	1
123	chr10	69360000	69760000	-1	1
124	chr10	69800000	70720000	-1	1
125	chr10	70760000	70880000	-1	1
126	chr10	70920000	71880000	-1	1
127	chr10	74400000	74640000	-1	1
128	chr10	74680000	74960000	-1	1
129	chr10	75000000	75040000	-1	1
130	chr10	75080000	75320000	-1	1
131	chr10	75360000	75440000	-1	1
132	chr10	75480000	75720000	-1	1
133	chr10	75760000	76000000	-1	1
134	chr10	76040000	76240000	-1	1
135	chr10	76280000	76600000	-1	1
136	chr10	76640000	76720000	-1	1
137	chr10	76760000	77440000	-1	1
138	chr10	77480000	77920000	-1	1
139	chr10	77960000	79000000	-1	1
140	chr10	79040000	79160000	-1	1
141	chr10	79200000	79440000	-1	1
142	chr10	79480000	79600000	-1	1
143	chr10	79640000	79760000	-1	1
144	chr10	79800000	79840000	-1	1
145	chr10	79880000	80040000	-1	1
146	chr10	80080000	80200000	-1	1
147	chr10	80240000	80520000	-1	1
148	chr10	80640000	80920000	-1	1
149	chr10	80960000	81000000	-1	1
150	chr10	81040000	81120000	-1	1
151	chr10	81480000	81720000	-1	1
152	chr10	81760000	82280000	-1	1
153	chr10	82320000	82360000	-1	1
154	chr10	82480000	82560000	-1	1
155	chr10	82720000	83000000	-1	1
156	chr10	83040000	83120000	-1	1
157	chr10	83160000	83240000	-1	1
158	chr10	83280000	83960000	-1	1
159	chr10	84000000	84120000	-1	1
160	chr10	84160000	84640000	-1	1
161	chr10	84680000	85200000	-1	1
162	chr10	85320000	85400000	-1	1
163	chr10	85440000	85960000	-1	1
164	chr10	86080000	86120000	-1	1
165	chr10	86160000	86280000	-1	1
166	chr10	86400000	86440000	-1	1
167	chr10	87040000	87840000	-1	1
168	chr10	87880000	87920000	-1	1
169	chr10	87960000	88200000	-1	1
170	chr10	88240000	88320000	-1	1
171	chr10	88360000	88480000	-1	1
172	chr10	88600000	88680000	-1	1
173	chr10	88800000	88880000	-1	1
174	chr10	88920000	89160000	-1	1
175	chr10	89200000	89360000	-1	1
176	chr10	89400000	89480000	-1	1
177	chr10	89520000	90160000	-1	1
178	chr10	90200000	90560000	-1	1
179	chr10	90600000	90680000	-1	1
180	chr10	90720000	91320000	-1	1
181	chr10	92560000	92760000	-1	1
182	chr10	92800000	92880000	-1	1
183	chr10	92920000	93040000	-1	1
184	chr10	93240000	93280000	-1	1
185	chr10	93320000	93680000	-1	1
186	chr10	93880000	94120000	-1	1
187	chr10	94160000	94440000	-1	1
188	chr10	94480000	94960000	-1	1
189	chr10	95000000	95360000	-1	1
190	chr10	95400000	95560000	-1	1
191	chr10	95600000	96800000	-1	1
192	chr10	97960000	98600000	-1	1
193	chr10	98640000	99080000	-1	1
194	chr10	99120000	99800000	-1	1
195	chr10	102400000	102440000	-1	1
196	chr10	102720000	102880000	-1	1
197	chr10	102920000	103000000	-1	1
198	chr10	105320000	106040000	-1	1
199	chr10	106080000	106120000	-1	1
200	chr10	106880000	107200000	-1	1
201	chr10	107640000	107720000	-1	1
202	chr10	107760000	107880000	-1	1
203	chr10	107920000	107960000	-1	1
204	chr10	108040000	108160000	-1	1
205	chr10	109240000	109320000	-1	1
206	chr10	109360000	110160000	-1	1
207	chr10	110200000	110560000	-1	1
208	chr10	110600000	111440000	-1	1
209	chr10	111480000	112240000	-1	1
210	chr10	114240000	114600000	-1	1
211	chr10	114640000	114760000	-1	1
212	chr10	114800000	114840000	-1	1
213	chr10	114880000	115640000	-1	1
214	chr10	115680000	116320000	-1	1
215	chr10	116360000	116480000	-1	1
216	chr10	116520000	116640000	-1	1
217	chr10	116680000	116880000	-1	1
218	chr10	116920000	117120000	-1	1
219	chr10	117160000	117480000	-1	1
220	chr10	117600000	118600000	-1	1
221	chr10	118640000	118680000	-1	1
222	chr10	118720000	118800000	-1	1
223	chr10	119200000	119560000	-1	1
224	chr10	119600000	119640000	-1	1
225	chr10	119680000	120320000	-1	1
226	chr10	120360000	120720000	-1	1
227	chr10	120760000	120800000	-1	1
228	chr10	120840000	121040000	-1	1
229	chr10	121080000	121120000	-1	1
230	chr10	121160000	121520000	-1	1
231	chr10	121560000	122000000	-1	1
232	chr10	122240000	122560000	-1	1
233	chr10	122600000	122640000	-1	1
234	chr10	122680000	126320000	-1	1
235	chr10	126360000	126520000	-1	1
236	chr10	126560000	126760000	-1	1
237	chr10	126800000	127080000	-1	1
238	chr10	127120000	127480000	-1	1
239	chr10	127520000	127760000	-1	1
240	chr10	127800000	128000000	-1	1
241	chr10	128040000	128160000	-1	1
242	chr10	128200000	128360000	-1	1
243	chr10	128400000	128440000	-1	1
244	chr10	128480000	129560000	-1	1
245	chr10	129680000	130000000	-1	1
