1	chr18	3040000	4680000	-1	1
2	chr18	4720000	5120000	-1	1
3	chr18	5160000	6040000	-1	1
4	chr18	6080000	6600000	-1	1
5	chr18	6640000	7840000	-1	1
6	chr18	7880000	7920000	-1	1
7	chr18	7960000	9280000	-1	1
8	chr18	9320000	9440000	-1	1
9	chr18	10000000	10040000	-1	1
10	chr18	10080000	10280000	-1	1
11	chr18	10440000	10520000	-1	1
12	chr18	10560000	10840000	-1	1
13	chr18	10880000	11640000	-1	1
14	chr18	12320000	12920000	-1	1
15	chr18	12960000	13080000	-1	1
16	chr18	13200000	14760000	-1	1
17	chr18	14800000	14920000	-1	1
18	chr18	14960000	15560000	-1	1
19	chr18	15760000	15880000	-1	1
20	chr18	16160000	16400000	-1	1
21	chr18	17000000	20120000	-1	1
22	chr18	20160000	20760000	-1	1
23	chr18	20800000	21160000	-1	1
24	chr18	21200000	22000000	-1	1
25	chr18	22040000	22160000	-1	1
26	chr18	22200000	22480000	-1	1
27	chr18	22520000	22560000	-1	1
28	chr18	22880000	22960000	-1	1
29	chr18	23120000	24080000	-1	1
30	chr18	24120000	24800000	-1	1
31	chr18	24840000	25320000	-1	1
32	chr18	25360000	25720000	-1	1
33	chr18	25760000	30440000	-1	1
34	chr18	30480000	31800000	-1	1
35	chr18	31840000	32040000	-1	1
36	chr18	32080000	32600000	-1	1
37	chr18	32640000	33000000	-1	1
38	chr18	33040000	33960000	-1	1
39	chr18	34000000	34600000	-1	1
40	chr18	34640000	35080000	-1	1
41	chr18	35120000	35720000	-1	1
42	chr18	35760000	36080000	-1	1
43	chr18	36120000	36960000	-1	1
44	chr18	37000000	37440000	-1	1
45	chr18	37480000	38120000	-1	1
46	chr18	38160000	39280000	-1	1
47	chr18	39320000	40360000	-1	1
48	chr18	40400000	42400000	-1	1
49	chr18	42440000	42760000	-1	1
50	chr18	42800000	43160000	-1	1
51	chr18	43520000	45040000	-1	1
52	chr18	45080000	46320000	-1	1
53	chr18	46360000	47120000	-1	1
54	chr18	47160000	49840000	-1	1
55	chr18	49960000	50280000	-1	1
56	chr18	50320000	52600000	-1	1
57	chr18	52840000	53080000	-1	1
58	chr18	53120000	53640000	-1	1
59	chr18	53680000	53720000	-1	1
60	chr18	53840000	53920000	-1	1
61	chr18	53960000	54120000	-1	1
62	chr18	54160000	56520000	-1	1
63	chr18	56560000	57560000	-1	1
64	chr18	57600000	57640000	-1	1
65	chr18	60680000	60960000	-1	1
66	chr18	61000000	61680000	-1	1
67	chr18	61720000	61920000	-1	1
68	chr18	61960000	63840000	-1	1
69	chr18	63880000	64680000	-1	1
70	chr18	64720000	66080000	-1	1
71	chr18	66120000	67440000	-1	1
72	chr18	67480000	68040000	-1	1
73	chr18	68080000	68480000	-1	1
74	chr18	68520000	70000000	-1	1
75	chr18	70040000	70600000	-1	1
76	chr18	70640000	70800000	-1	1
77	chr18	70840000	71400000	-1	1
78	chr18	71440000	71480000	-1	1
79	chr18	73440000	73800000	-1	1
80	chr18	73840000	74040000	-1	1
81	chr18	74080000	74120000	-1	1
82	chr18	74400000	74600000	-1	1
83	chr18	74640000	74800000	-1	1
84	chr18	74920000	75160000	-1	1
85	chr18	75200000	76520000	-1	1
86	chr18	76800000	77280000	-1	1
87	chr18	77320000	77400000	-1	1
88	chr18	77440000	78000000	-1	1
89	chr18	78040000	78360000	-1	1
90	chr18	78400000	80400000	-1	1
91	chr18	80440000	80640000	-1	1
92	chr18	80760000	82160000	-1	1
93	chr18	82840000	82880000	-1	1
94	chr18	82920000	83160000	-1	1
95	chr18	83200000	84760000	-1	1
96	chr18	84800000	85160000	-1	1
97	chr18	85200000	85920000	-1	1
98	chr18	88920000	90800000	-1	1
99	chr18	25760000	30400000	33	2
100	chr18	25760000	30200000	99	3
101	chr18	25760000	30160000	100	4
102	chr18	25760000	28920000	101	5
103	chr18	29280000	29320000	101	5
104	chr18	29560000	29600000	101	5
105	chr18	29840000	29880000	101	5
106	chr18	30000000	30040000	101	5
