1	chr13	3080000	61720000	-1	1
2	chr13	62240000	63000000	-1	1
3	chr13	63040000	64240000	-1	1
4	chr13	64280000	65480000	-1	1
5	chr13	67040000	68560000	-1	1
6	chr13	69720000	69800000	-1	1
7	chr13	71200000	71240000	-1	1
8	chr13	72680000	72760000	-1	1
9	chr13	73520000	74760000	-1	1
10	chr13	74800000	76160000	-1	1
11	chr13	76200000	76240000	-1	1
12	chr13	76280000	76480000	-1	1
13	chr13	78400000	78480000	-1	1
14	chr13	80560000	80960000	-1	1
15	chr13	81000000	81960000	-1	1
16	chr13	83840000	84960000	-1	1
17	chr13	85080000	85360000	-1	1
18	chr13	85400000	85440000	-1	1
19	chr13	89720000	91080000	-1	1
20	chr13	91120000	91880000	-1	1
21	chr13	92000000	92040000	-1	1
22	chr13	92800000	93320000	-1	1
23	chr13	93360000	93520000	-1	1
24	chr13	93560000	94520000	-1	1
25	chr13	94560000	96160000	-1	1
26	chr13	96320000	96520000	-1	1
27	chr13	96800000	97840000	-1	1
28	chr13	97880000	99080000	-1	1
29	chr13	99120000	101400000	-1	1
30	chr13	101440000	101600000	-1	1
31	chr13	101640000	103920000	-1	1
32	chr13	103960000	104480000	-1	1
33	chr13	104520000	104960000	-1	1
34	chr13	105000000	107600000	-1	1
35	chr13	107640000	107920000	-1	1
36	chr13	107960000	110840000	-1	1
37	chr13	110880000	112200000	-1	1
38	chr13	112240000	113840000	-1	1
39	chr13	113880000	115760000	-1	1
40	chr13	118000000	119160000	-1	1
41	chr13	119200000	120200000	-1	1
42	chr13	3400000	6560000	1	2
43	chr13	6600000	6680000	1	2
44	chr13	6720000	8800000	1	2
45	chr13	8840000	9000000	1	2
46	chr13	9040000	9880000	1	2
47	chr13	11200000	11800000	1	2
48	chr13	11840000	12560000	1	2
49	chr13	12600000	12680000	1	2
50	chr13	12880000	13040000	1	2
51	chr13	13560000	14080000	1	2
52	chr13	14120000	14160000	1	2
53	chr13	14200000	14720000	1	2
54	chr13	14760000	16040000	1	2
55	chr13	16080000	17760000	1	2
56	chr13	17800000	18080000	1	2
57	chr13	18120000	18960000	1	2
58	chr13	19000000	20400000	1	2
59	chr13	20440000	21240000	1	2
60	chr13	21280000	21920000	1	2
61	chr13	22000000	22160000	1	2
62	chr13	22200000	23520000	1	2
63	chr13	23560000	23720000	1	2
64	chr13	23760000	23840000	1	2
65	chr13	23880000	24880000	1	2
66	chr13	24920000	25040000	1	2
67	chr13	25080000	30640000	1	2
68	chr13	31120000	31760000	1	2
69	chr13	31800000	32800000	1	2
70	chr13	33000000	33320000	1	2
71	chr13	33440000	33480000	1	2
72	chr13	33720000	34000000	1	2
73	chr13	34040000	34960000	1	2
74	chr13	35000000	36040000	1	2
75	chr13	36080000	37520000	1	2
76	chr13	37560000	38080000	1	2
77	chr13	38120000	38720000	1	2
78	chr13	38760000	39120000	1	2
79	chr13	39880000	40920000	1	2
80	chr13	40960000	41360000	1	2
81	chr13	41400000	41720000	1	2
82	chr13	41760000	42960000	1	2
83	chr13	43280000	43840000	1	2
84	chr13	43880000	45120000	1	2
85	chr13	45160000	45720000	1	2
86	chr13	45760000	46040000	1	2
87	chr13	46400000	46760000	1	2
88	chr13	46800000	47160000	1	2
89	chr13	47200000	47400000	1	2
90	chr13	47440000	48600000	1	2
91	chr13	48640000	49320000	1	2
92	chr13	49360000	49840000	1	2
93	chr13	49880000	51720000	1	2
94	chr13	51760000	51800000	1	2
95	chr13	51960000	52320000	1	2
96	chr13	52360000	52720000	1	2
97	chr13	52760000	53200000	1	2
98	chr13	53240000	53520000	1	2
99	chr13	53560000	53880000	1	2
100	chr13	54000000	54160000	1	2
101	chr13	54200000	54600000	1	2
102	chr13	54640000	54800000	1	2
103	chr13	54840000	55280000	1	2
104	chr13	55320000	55440000	1	2
105	chr13	55480000	55840000	1	2
106	chr13	55880000	56400000	1	2
107	chr13	56600000	56880000	1	2
108	chr13	57200000	57240000	1	2
109	chr13	57400000	58080000	1	2
110	chr13	58120000	58200000	1	2
111	chr13	58240000	58720000	1	2
112	chr13	58760000	59640000	1	2
113	chr13	59680000	59920000	1	2
114	chr13	59960000	61080000	1	2
115	chr13	61120000	61360000	1	2
116	chr13	61640000	61680000	1	2
117	chr13	25120000	30480000	67	3
118	chr13	25120000	28560000	117	4
119	chr13	28720000	29080000	117	4
120	chr13	29120000	29160000	117	4
121	chr13	29480000	29520000	117	4
122	chr13	29640000	29720000	117	4
123	chr13	29840000	29880000	117	4
124	chr13	25200000	28520000	118	5
