1	chr2	3240000	4800000	-1	1
2	chr2	4840000	4960000	-1	1
3	chr2	5000000	5760000	-1	1
4	chr2	5800000	5880000	-1	1
5	chr2	5920000	6120000	-1	1
6	chr2	6160000	6360000	-1	1
7	chr2	6400000	8600000	-1	1
8	chr2	8640000	9960000	-1	1
9	chr2	10000000	10240000	-1	1
10	chr2	10280000	10320000	-1	1
11	chr2	10360000	10720000	-1	1
12	chr2	10760000	10800000	-1	1
13	chr2	11040000	11240000	-1	1
14	chr2	11280000	11520000	-1	1
15	chr2	11560000	11720000	-1	1
16	chr2	11760000	11840000	-1	1
17	chr2	11880000	11920000	-1	1
18	chr2	11960000	12320000	-1	1
19	chr2	12360000	13200000	-1	1
20	chr2	13240000	13520000	-1	1
21	chr2	13560000	14640000	-1	1
22	chr2	15000000	17320000	-1	1
23	chr2	17360000	17760000	-1	1
24	chr2	17800000	18160000	-1	1
25	chr2	18200000	19320000	-1	1
26	chr2	19360000	20280000	-1	1
27	chr2	20320000	20720000	-1	1
28	chr2	20760000	21200000	-1	1
29	chr2	21240000	21840000	-1	1
30	chr2	21880000	22760000	-1	1
31	chr2	22800000	23000000	-1	1
32	chr2	23040000	23080000	-1	1
33	chr2	23120000	24160000	-1	1
34	chr2	24200000	24680000	-1	1
35	chr2	24720000	24760000	-1	1
36	chr2	24800000	24840000	-1	1
37	chr2	24880000	25040000	-1	1
38	chr2	25080000	25280000	-1	1
39	chr2	25320000	25480000	-1	1
40	chr2	25520000	25600000	-1	1
41	chr2	25640000	25680000	-1	1
42	chr2	25720000	26160000	-1	1
43	chr2	26200000	26440000	-1	1
44	chr2	26480000	27120000	-1	1
45	chr2	27160000	27320000	-1	1
46	chr2	27360000	27400000	-1	1
47	chr2	27440000	27520000	-1	1
48	chr2	28320000	28360000	-1	1
49	chr2	28400000	28480000	-1	1
50	chr2	28520000	28920000	-1	1
51	chr2	28960000	29040000	-1	1
52	chr2	29080000	29480000	-1	1
53	chr2	29520000	29600000	-1	1
54	chr2	29640000	29760000	-1	1
55	chr2	29800000	29920000	-1	1
56	chr2	29960000	30160000	-1	1
57	chr2	30200000	30240000	-1	1
58	chr2	30320000	30680000	-1	1
59	chr2	30720000	30800000	-1	1
60	chr2	30840000	31040000	-1	1
61	chr2	31080000	31160000	-1	1
62	chr2	31200000	31320000	-1	1
63	chr2	31360000	31520000	-1	1
64	chr2	31560000	31840000	-1	1
65	chr2	31880000	31920000	-1	1
66	chr2	31960000	32160000	-1	1
67	chr2	32200000	32440000	-1	1
68	chr2	32480000	32560000	-1	1
69	chr2	32600000	32800000	-1	1
70	chr2	32840000	33280000	-1	1
71	chr2	33320000	33360000	-1	1
72	chr2	33400000	33520000	-1	1
73	chr2	33560000	34520000	-1	1
74	chr2	34560000	34640000	-1	1
75	chr2	34680000	35040000	-1	1
76	chr2	35080000	35360000	-1	1
77	chr2	35400000	35840000	-1	1
78	chr2	35960000	36080000	-1	1
79	chr2	36120000	37200000	-1	1
80	chr2	37240000	37320000	-1	1
81	chr2	37360000	37680000	-1	1
82	chr2	37720000	38280000	-1	1
83	chr2	38320000	38480000	-1	1
84	chr2	38520000	38760000	-1	1
85	chr2	38800000	38840000	-1	1
86	chr2	38880000	39080000	-1	1
87	chr2	39120000	39240000	-1	1
88	chr2	40760000	40880000	-1	1
89	chr2	43600000	43640000	-1	1
90	chr2	48800000	48840000	-1	1
91	chr2	48880000	49200000	-1	1
92	chr2	49240000	49600000	-1	1
93	chr2	49680000	49760000	-1	1
94	chr2	51840000	52000000	-1	1
95	chr2	52040000	52600000	-1	1
96	chr2	52640000	53000000	-1	1
97	chr2	53040000	53080000	-1	1
98	chr2	54920000	55920000	-1	1
99	chr2	57000000	57240000	-1	1
100	chr2	57280000	57320000	-1	1
101	chr2	58360000	58520000	-1	1
102	chr2	58560000	59320000	-1	1
103	chr2	59360000	60080000	-1	1
104	chr2	60120000	60280000	-1	1
105	chr2	60320000	61400000	-1	1
106	chr2	61480000	62480000	-1	1
107	chr2	62600000	62640000	-1	1
108	chr2	65240000	65520000	-1	1
109	chr2	65640000	65960000	-1	1
110	chr2	67960000	68240000	-1	1
111	chr2	68360000	68600000	-1	1
112	chr2	68640000	68960000	-1	1
113	chr2	69000000	69320000	-1	1
114	chr2	69360000	69480000	-1	1
115	chr2	69520000	69720000	-1	1
116	chr2	69760000	69880000	-1	1
117	chr2	69920000	70480000	-1	1
118	chr2	70520000	70960000	-1	1
119	chr2	71000000	71240000	-1	1
120	chr2	71280000	71400000	-1	1
121	chr2	71440000	71800000	-1	1
122	chr2	71840000	71880000	-1	1
123	chr2	71920000	73280000	-1	1
124	chr2	73320000	73400000	-1	1
125	chr2	73440000	73760000	-1	1
126	chr2	73800000	74520000	-1	1
127	chr2	74560000	75000000	-1	1
128	chr2	75040000	75440000	-1	1
129	chr2	75480000	75520000	-1	1
130	chr2	75560000	75600000	-1	1
131	chr2	75640000	75960000	-1	1
132	chr2	76000000	76200000	-1	1
133	chr2	76240000	76520000	-1	1
134	chr2	76560000	76680000	-1	1
135	chr2	76720000	77640000	-1	1
136	chr2	77680000	77800000	-1	1
137	chr2	78840000	79200000	-1	1
138	chr2	79240000	79360000	-1	1
139	chr2	79400000	79440000	-1	1
140	chr2	79720000	80160000	-1	1
141	chr2	80200000	80520000	-1	1
142	chr2	80560000	80640000	-1	1
143	chr2	83280000	83360000	-1	1
144	chr2	83480000	83680000	-1	1
145	chr2	83720000	83760000	-1	1
146	chr2	83880000	84280000	-1	1
147	chr2	84320000	84520000	-1	1
148	chr2	84560000	84720000	-1	1
149	chr2	84760000	84840000	-1	1
150	chr2	84960000	85440000	-1	1
151	chr2	85560000	86480000	-1	1
152	chr2	87360000	87560000	-1	1
153	chr2	89960000	90000000	-1	1
154	chr2	90280000	90520000	-1	1
155	chr2	90560000	90640000	-1	1
156	chr2	90680000	90960000	-1	1
157	chr2	91000000	91080000	-1	1
158	chr2	91120000	91400000	-1	1
159	chr2	91440000	91560000	-1	1
160	chr2	91600000	91800000	-1	1
161	chr2	91840000	92320000	-1	1
162	chr2	92360000	92720000	-1	1
163	chr2	92760000	92920000	-1	1
164	chr2	93720000	93880000	-1	1
165	chr2	93920000	94160000	-1	1
166	chr2	94200000	94280000	-1	1
167	chr2	101440000	101520000	-1	1
168	chr2	101560000	102400000	-1	1
169	chr2	102440000	102920000	-1	1
170	chr2	102960000	103280000	-1	1
171	chr2	103320000	103880000	-1	1
172	chr2	103920000	104440000	-1	1
173	chr2	104480000	104680000	-1	1
174	chr2	104720000	105120000	-1	1
175	chr2	105160000	106080000	-1	1
176	chr2	106120000	106160000	-1	1
177	chr2	106200000	106840000	-1	1
178	chr2	106880000	107760000	-1	1
179	chr2	109200000	109600000	-1	1
180	chr2	109640000	109720000	-1	1
181	chr2	109760000	110080000	-1	1
182	chr2	110120000	110240000	-1	1
183	chr2	110960000	112080000	-1	1
184	chr2	112120000	112320000	-1	1
185	chr2	112360000	112640000	-1	1
186	chr2	112680000	113080000	-1	1
187	chr2	113200000	113280000	-1	1
188	chr2	113400000	113680000	-1	1
189	chr2	113720000	113920000	-1	1
190	chr2	113960000	114000000	-1	1
191	chr2	114040000	116000000	-1	1
192	chr2	116040000	116720000	-1	1
193	chr2	116760000	117080000	-1	1
194	chr2	117120000	117280000	-1	1
195	chr2	117320000	118080000	-1	1
196	chr2	118280000	118520000	-1	1
197	chr2	118560000	118840000	-1	1
198	chr2	118880000	119120000	-1	1
199	chr2	119160000	119360000	-1	1
200	chr2	119400000	119480000	-1	1
201	chr2	119520000	119640000	-1	1
202	chr2	119680000	119760000	-1	1
203	chr2	119800000	120000000	-1	1
204	chr2	120040000	120120000	-1	1
205	chr2	120160000	120960000	-1	1
206	chr2	121000000	121240000	-1	1
207	chr2	121280000	121320000	-1	1
208	chr2	121360000	121840000	-1	1
209	chr2	121880000	122200000	-1	1
210	chr2	123920000	125080000	-1	1
211	chr2	125360000	126400000	-1	1
212	chr2	126440000	126880000	-1	1
213	chr2	126920000	127080000	-1	1
214	chr2	127120000	127640000	-1	1
215	chr2	127680000	128440000	-1	1
216	chr2	128480000	128520000	-1	1
217	chr2	128560000	128680000	-1	1
218	chr2	128720000	128920000	-1	1
219	chr2	128960000	129120000	-1	1
220	chr2	129160000	129320000	-1	1
221	chr2	129360000	130120000	-1	1
222	chr2	130160000	130400000	-1	1
223	chr2	130440000	130760000	-1	1
224	chr2	130800000	131360000	-1	1
225	chr2	131400000	131640000	-1	1
226	chr2	131680000	131800000	-1	1
227	chr2	131840000	132080000	-1	1
228	chr2	132120000	132760000	-1	1
229	chr2	134520000	135160000	-1	1
230	chr2	135200000	135800000	-1	1
231	chr2	135840000	135960000	-1	1
232	chr2	136000000	136320000	-1	1
233	chr2	139240000	139400000	-1	1
234	chr2	139440000	139840000	-1	1
235	chr2	139880000	139920000	-1	1
236	chr2	139960000	140000000	-1	1
237	chr2	140040000	140240000	-1	1
238	chr2	140280000	142920000	-1	1
239	chr2	142960000	143640000	-1	1
240	chr2	143680000	144080000	-1	1
241	chr2	144120000	144160000	-1	1
242	chr2	144200000	144320000	-1	1
243	chr2	144440000	144480000	-1	1
244	chr2	145800000	146280000	-1	1
245	chr2	146320000	146400000	-1	1
246	chr2	146440000	147160000	-1	1
247	chr2	147200000	147640000	-1	1
248	chr2	148000000	148040000	-1	1
249	chr2	148520000	148600000	-1	1
250	chr2	148640000	148760000	-1	1
251	chr2	148800000	149000000	-1	1
252	chr2	149040000	149080000	-1	1
253	chr2	149200000	149960000	-1	1
254	chr2	150000000	150360000	-1	1
255	chr2	150400000	150640000	-1	1
256	chr2	150680000	150720000	-1	1
257	chr2	150760000	150840000	-1	1
258	chr2	151360000	151400000	-1	1
259	chr2	151440000	151480000	-1	1
260	chr2	151520000	151760000	-1	1
261	chr2	151800000	151840000	-1	1
262	chr2	151880000	152200000	-1	1
263	chr2	152240000	152480000	-1	1
264	chr2	152520000	152680000	-1	1
265	chr2	152720000	152880000	-1	1
266	chr2	152920000	152960000	-1	1
267	chr2	153000000	153280000	-1	1
268	chr2	153320000	153520000	-1	1
269	chr2	153560000	153600000	-1	1
270	chr2	153640000	154160000	-1	1
271	chr2	154200000	154240000	-1	1
272	chr2	154280000	154440000	-1	1
273	chr2	154480000	154520000	-1	1
274	chr2	154560000	154720000	-1	1
275	chr2	154840000	154880000	-1	1
276	chr2	154920000	155280000	-1	1
277	chr2	155320000	155640000	-1	1
278	chr2	155680000	155720000	-1	1
279	chr2	155840000	156000000	-1	1
280	chr2	156040000	156120000	-1	1
281	chr2	156160000	156600000	-1	1
282	chr2	156640000	156920000	-1	1
283	chr2	156960000	157120000	-1	1
284	chr2	157160000	157400000	-1	1
285	chr2	157440000	158200000	-1	1
286	chr2	158240000	158600000	-1	1
287	chr2	158640000	158680000	-1	1
288	chr2	158720000	160440000	-1	1
289	chr2	160480000	160760000	-1	1
290	chr2	160800000	160880000	-1	1
291	chr2	160920000	161040000	-1	1
292	chr2	162680000	162720000	-1	1
293	chr2	162760000	162800000	-1	1
294	chr2	162840000	162920000	-1	1
295	chr2	162960000	163240000	-1	1
296	chr2	163280000	163360000	-1	1
297	chr2	163480000	163520000	-1	1
298	chr2	163640000	163880000	-1	1
299	chr2	163920000	164200000	-1	1
300	chr2	164240000	164400000	-1	1
301	chr2	164440000	164560000	-1	1
302	chr2	164600000	164760000	-1	1
303	chr2	164800000	165200000	-1	1
304	chr2	165240000	165280000	-1	1
305	chr2	165320000	165600000	-1	1
306	chr2	165640000	165720000	-1	1
307	chr2	165760000	165920000	-1	1
308	chr2	165960000	166400000	-1	1
309	chr2	166440000	166640000	-1	1
310	chr2	166680000	166880000	-1	1
311	chr2	166920000	167120000	-1	1
312	chr2	167160000	167320000	-1	1
313	chr2	167360000	167440000	-1	1
314	chr2	167480000	167880000	-1	1
315	chr2	167920000	168040000	-1	1
316	chr2	168080000	168480000	-1	1
317	chr2	168520000	168760000	-1	1
318	chr2	168880000	169880000	-1	1
319	chr2	169920000	170160000	-1	1
320	chr2	170200000	170240000	-1	1
321	chr2	170280000	170320000	-1	1
322	chr2	170360000	170680000	-1	1
323	chr2	170720000	172080000	-1	1
324	chr2	172120000	172160000	-1	1
325	chr2	172200000	172280000	-1	1
326	chr2	172320000	172680000	-1	1
327	chr2	172880000	172920000	-1	1
328	chr2	172960000	173360000	-1	1
329	chr2	173400000	174800000	-1	1
330	chr2	177840000	178120000	-1	1
331	chr2	178160000	179640000	-1	1
332	chr2	179680000	179840000	-1	1
333	chr2	179880000	180000000	-1	1
334	chr2	180040000	180520000	-1	1
335	chr2	180560000	180880000	-1	1
336	chr2	180920000	181440000	-1	1
337	chr2	181480000	181760000	-1	1
