1	chr4	3040000	3400000	-1	1
2	chr4	3440000	3760000	-1	1
3	chr4	3800000	3880000	-1	1
4	chr4	3920000	4680000	-1	1
5	chr4	4720000	6360000	-1	1
6	chr4	6400000	6440000	-1	1
7	chr4	6480000	8320000	-1	1
8	chr4	8360000	8520000	-1	1
9	chr4	8560000	9040000	-1	1
10	chr4	9080000	9480000	-1	1
11	chr4	9520000	9720000	-1	1
12	chr4	9760000	10800000	-1	1
13	chr4	10840000	11160000	-1	1
14	chr4	11200000	11520000	-1	1
15	chr4	11560000	12040000	-1	1
16	chr4	12080000	12120000	-1	1
17	chr4	12160000	14400000	-1	1
18	chr4	14440000	14880000	-1	1
19	chr4	14920000	15280000	-1	1
20	chr4	15320000	15880000	-1	1
21	chr4	15920000	19480000	-1	1
22	chr4	19520000	19880000	-1	1
23	chr4	19920000	19960000	-1	1
24	chr4	20000000	21360000	-1	1
25	chr4	21480000	21640000	-1	1
26	chr4	21680000	21920000	-1	1
27	chr4	21960000	24640000	-1	1
28	chr4	24680000	24840000	-1	1
29	chr4	24880000	26440000	-1	1
30	chr4	26880000	27320000	-1	1
31	chr4	31880000	32040000	-1	1
32	chr4	32080000	32120000	-1	1
33	chr4	32160000	32680000	-1	1
34	chr4	32720000	32880000	-1	1
35	chr4	32920000	33400000	-1	1
36	chr4	33440000	33480000	-1	1
37	chr4	33520000	34520000	-1	1
38	chr4	34560000	34640000	-1	1
39	chr4	34680000	34880000	-1	1
40	chr4	34920000	35280000	-1	1
41	chr4	39240000	40040000	-1	1
42	chr4	40120000	40240000	-1	1
43	chr4	40280000	40640000	-1	1
44	chr4	40680000	40960000	-1	1
45	chr4	41000000	41360000	-1	1
46	chr4	41400000	41720000	-1	1
47	chr4	42880000	43040000	-1	1
48	chr4	43080000	43520000	-1	1
49	chr4	43560000	43920000	-1	1
50	chr4	43960000	44040000	-1	1
51	chr4	44080000	44160000	-1	1
52	chr4	44200000	44320000	-1	1
53	chr4	44360000	45000000	-1	1
54	chr4	45040000	45920000	-1	1
55	chr4	45960000	46400000	-1	1
56	chr4	46440000	46520000	-1	1
57	chr4	46560000	46720000	-1	1
58	chr4	46760000	46880000	-1	1
59	chr4	47400000	48440000	-1	1
60	chr4	48480000	48720000	-1	1
61	chr4	48760000	49400000	-1	1
62	chr4	49520000	49560000	-1	1
63	chr4	50120000	50160000	-1	1
64	chr4	52400000	53040000	-1	1
65	chr4	53080000	53680000	-1	1
66	chr4	53720000	53880000	-1	1
67	chr4	53920000	55320000	-1	1
68	chr4	55360000	55480000	-1	1
69	chr4	55520000	56760000	-1	1
70	chr4	56800000	56960000	-1	1
71	chr4	57000000	57360000	-1	1
72	chr4	57400000	57680000	-1	1
73	chr4	57720000	57920000	-1	1
74	chr4	57960000	58280000	-1	1
75	chr4	58320000	59000000	-1	1
76	chr4	59040000	59800000	-1	1
77	chr4	59840000	59920000	-1	1
78	chr4	59960000	60080000	-1	1
79	chr4	61480000	61960000	-1	1
80	chr4	62000000	62200000	-1	1
81	chr4	62240000	62440000	-1	1
82	chr4	62480000	62520000	-1	1
83	chr4	68840000	69920000	-1	1
84	chr4	69960000	70040000	-1	1
85	chr4	73920000	74080000	-1	1
86	chr4	74200000	74240000	-1	1
87	chr4	75400000	75680000	-1	1
88	chr4	80480000	80520000	-1	1
89	chr4	80560000	80800000	-1	1
90	chr4	80840000	82840000	-1	1
91	chr4	82880000	83080000	-1	1
92	chr4	83120000	83240000	-1	1
93	chr4	83280000	83320000	-1	1
94	chr4	83360000	84760000	-1	1
95	chr4	84800000	86200000	-1	1
96	chr4	86240000	86480000	-1	1
97	chr4	86520000	86560000	-1	1
98	chr4	86600000	88200000	-1	1
99	chr4	88240000	88280000	-1	1
100	chr4	88320000	88400000	-1	1
101	chr4	88520000	88760000	-1	1
102	chr4	88800000	89200000	-1	1
103	chr4	90920000	91160000	-1	1
104	chr4	93760000	94200000	-1	1
105	chr4	94240000	94280000	-1	1
106	chr4	94320000	94640000	-1	1
107	chr4	94680000	95640000	-1	1
108	chr4	95680000	96360000	-1	1
109	chr4	96400000	96440000	-1	1
110	chr4	97240000	98400000	-1	1
111	chr4	98440000	98600000	-1	1
112	chr4	98640000	98880000	-1	1
113	chr4	98920000	99600000	-1	1
114	chr4	99720000	100240000	-1	1
115	chr4	100280000	101000000	-1	1
116	chr4	101040000	101320000	-1	1
117	chr4	101360000	101720000	-1	1
118	chr4	101840000	101880000	-1	1
119	chr4	101920000	102480000	-1	1
120	chr4	102680000	102920000	-1	1
121	chr4	102960000	104680000	-1	1
122	chr4	104720000	105920000	-1	1
123	chr4	105960000	106120000	-1	1
124	chr4	106160000	106240000	-1	1
125	chr4	106280000	106400000	-1	1
126	chr4	106440000	106880000	-1	1
127	chr4	106920000	107560000	-1	1
128	chr4	107600000	108000000	-1	1
129	chr4	108040000	108280000	-1	1
130	chr4	108320000	108480000	-1	1
131	chr4	108520000	108840000	-1	1
132	chr4	108880000	109120000	-1	1
133	chr4	109160000	109320000	-1	1
134	chr4	109360000	109400000	-1	1
135	chr4	109440000	109680000	-1	1
136	chr4	109720000	111360000	-1	1
137	chr4	111400000	111520000	-1	1
138	chr4	114360000	114640000	-1	1
139	chr4	114680000	114760000	-1	1
140	chr4	114800000	115400000	-1	1
141	chr4	115440000	115760000	-1	1
142	chr4	115800000	116240000	-1	1
143	chr4	116280000	116360000	-1	1
144	chr4	116400000	116480000	-1	1
145	chr4	116520000	116680000	-1	1
146	chr4	116720000	116880000	-1	1
147	chr4	116920000	117480000	-1	1
148	chr4	117520000	117800000	-1	1
149	chr4	117840000	117880000	-1	1
150	chr4	117920000	117960000	-1	1
151	chr4	118000000	118280000	-1	1
152	chr4	118320000	118640000	-1	1
153	chr4	118680000	118880000	-1	1
154	chr4	118920000	119040000	-1	1
155	chr4	119080000	119320000	-1	1
156	chr4	119440000	119840000	-1	1
157	chr4	119880000	120240000	-1	1
158	chr4	120280000	120480000	-1	1
159	chr4	120520000	120560000	-1	1
160	chr4	120600000	120640000	-1	1
161	chr4	120680000	120880000	-1	1
162	chr4	120920000	121440000	-1	1
163	chr4	122520000	122560000	-1	1
164	chr4	122600000	122800000	-1	1
165	chr4	122840000	122960000	-1	1
166	chr4	123000000	123200000	-1	1
167	chr4	123240000	123440000	-1	1
168	chr4	123480000	123600000	-1	1
169	chr4	123640000	124400000	-1	1
170	chr4	124440000	124560000	-1	1
171	chr4	124600000	124800000	-1	1
172	chr4	124840000	125720000	-1	1
173	chr4	125760000	125880000	-1	1
174	chr4	125920000	126000000	-1	1
175	chr4	126040000	126200000	-1	1
176	chr4	126240000	126680000	-1	1
177	chr4	126720000	127040000	-1	1
178	chr4	127080000	128280000	-1	1
179	chr4	128320000	128600000	-1	1
180	chr4	128640000	128800000	-1	1
181	chr4	128840000	129200000	-1	1
182	chr4	129240000	129320000	-1	1
183	chr4	129360000	129640000	-1	1
184	chr4	129760000	130080000	-1	1
185	chr4	130200000	130240000	-1	1
186	chr4	130280000	130320000	-1	1
187	chr4	130360000	130480000	-1	1
188	chr4	130520000	131440000	-1	1
189	chr4	131480000	131760000	-1	1
190	chr4	131800000	131920000	-1	1
191	chr4	131960000	132080000	-1	1
192	chr4	132120000	132400000	-1	1
193	chr4	132440000	132560000	-1	1
194	chr4	132600000	132760000	-1	1
195	chr4	132800000	133040000	-1	1
196	chr4	133160000	133200000	-1	1
197	chr4	133240000	133400000	-1	1
198	chr4	133440000	133520000	-1	1
199	chr4	133560000	133680000	-1	1
200	chr4	133720000	133960000	-1	1
201	chr4	134000000	134080000	-1	1
202	chr4	134120000	134280000	-1	1
203	chr4	134320000	134480000	-1	1
204	chr4	134520000	134960000	-1	1
205	chr4	135000000	135360000	-1	1
206	chr4	135400000	135600000	-1	1
207	chr4	135640000	135760000	-1	1
208	chr4	135800000	135880000	-1	1
209	chr4	135920000	136200000	-1	1
210	chr4	136240000	137000000	-1	1
211	chr4	137040000	137240000	-1	1
212	chr4	137280000	137400000	-1	1
213	chr4	137440000	137840000	-1	1
214	chr4	137880000	138000000	-1	1
215	chr4	138040000	138440000	-1	1
216	chr4	138480000	138600000	-1	1
217	chr4	138640000	138880000	-1	1
218	chr4	138920000	139200000	-1	1
219	chr4	139240000	140320000	-1	1
220	chr4	140360000	140480000	-1	1
221	chr4	140560000	140640000	-1	1
222	chr4	140680000	140720000	-1	1
223	chr4	140760000	140800000	-1	1
224	chr4	140840000	140920000	-1	1
225	chr4	140960000	141160000	-1	1
226	chr4	141200000	141360000	-1	1
227	chr4	141400000	141520000	-1	1
228	chr4	141560000	141720000	-1	1
229	chr4	141760000	141800000	-1	1
230	chr4	141840000	142680000	-1	1
231	chr4	142720000	142800000	-1	1
232	chr4	142920000	143000000	-1	1
233	chr4	143760000	144160000	-1	1
234	chr4	144200000	144240000	-1	1
235	chr4	144520000	144760000	-1	1
236	chr4	144800000	144880000	-1	1
237	chr4	144920000	145000000	-1	1
238	chr4	145040000	145200000	-1	1
239	chr4	145680000	145760000	-1	1
240	chr4	146640000	147000000	-1	1
241	chr4	147240000	147280000	-1	1
242	chr4	147320000	147480000	-1	1
243	chr4	147520000	147840000	-1	1
244	chr4	147880000	148000000	-1	1
245	chr4	148040000	148480000	-1	1
246	chr4	148520000	149000000	-1	1
247	chr4	149040000	149520000	-1	1
248	chr4	149560000	149640000	-1	1
249	chr4	149680000	150040000	-1	1
250	chr4	150080000	150280000	-1	1
251	chr4	150320000	150440000	-1	1
252	chr4	150480000	150520000	-1	1
253	chr4	150560000	151280000	-1	1
254	chr4	151320000	151400000	-1	1
255	chr4	151560000	151720000	-1	1
256	chr4	151960000	153320000	-1	1
257	chr4	153440000	153680000	-1	1
258	chr4	153720000	154160000	-1	1
259	chr4	154280000	154440000	-1	1
260	chr4	154480000	154640000	-1	1
261	chr4	154680000	155000000	-1	1
262	chr4	155040000	155200000	-1	1
263	chr4	155240000	155640000	-1	1
264	chr4	15920000	19440000	21	2
